last_change = 2024-06-28T15:42:39.891670Z
addr = 0x26c0
size = 0x187

[stack_vars.-0x28]
last_change = 2024-06-28T15:42:39.891670Z
offset = -40
name = "var_28"
type = "__int128[2]"
size = 0x20
addr = 0x26c0
