[metadata]
addr = 0x9c00
size = 0xbc8
last_change = 2024-06-27T09:53:51.883435Z

[stack_vars.-0x110]
last_change = 2024-06-27T09:53:51.883435Z
offset = -272
name = "a1"
type = "_QWORD[2]"
size = 0x10
addr = 0x9c00
