last_change = 2024-06-28T15:42:40.038528Z
addr = 0x2b60
size = 0x1bf

[stack_vars.-0xb0]
last_change = 2024-06-28T15:42:40.038528Z
offset = -176
name = "var_A0"
type = "__int128[2]"
size = 0x20
addr = 0x2b60
