last_change = 2024-06-28T15:42:39.884095Z
addr = 0x26c0
size = 0x187

[stack_vars.-0xa0]
last_change = 2024-06-28T15:42:39.884095Z
offset = -160
name = "a1"
type = "_QWORD[2]"
size = 0x10
addr = 0x26c0
