[metadata]
addr = 0x2850
size = 0x124
last_change = 2024-06-27T09:53:51.630221Z

[stack_vars.-0xb0]
last_change = 2024-06-27T09:53:51.630221Z
offset = -176
name = "a1"
type = "_QWORD[2]"
size = 0x10
addr = 0x2850
