last_change = 2024-06-28T15:42:39.999976Z
addr = 0x2b60
size = 0x1bf

[stack_vars.-0x100]
last_change = 2024-06-28T15:42:39.999976Z
offset = -256
name = "a1"
type = "_QWORD[2]"
size = 0x10
addr = 0x2b60
