last_change = 2024-06-28T15:42:39.893670Z
addr = 0x26c0
size = 0x187

[stack_vars.-0x50]
last_change = 2024-06-28T15:42:39.893670Z
offset = -80
name = "var_50"
type = "__int128"
size = 0x10
addr = 0x26c0
