[metadata]
addr = 0x2850
size = 0x124
last_change = 2024-06-27T09:53:51.637530Z

[stack_vars.-0x38]
last_change = 2024-06-27T09:53:51.637530Z
offset = -56
name = "var_30"
type = "__int128"
size = 0x10
addr = 0x2850
