last_change = 2024-06-28T15:42:40.262783Z
addr = 0x9c00
size = 0xbc8

[stack_vars.-0xf0]
last_change = 2024-06-28T15:42:40.262783Z
offset = -240
name = "var_E0"
type = "__int128[2]"
size = 0x20
addr = 0x9c00
