[metadata]
addr = 0x2b60
size = 0x1bf
last_change = 2024-06-27T09:53:51.639518Z

[stack_vars.-0x100]
last_change = 2024-06-27T09:53:51.639518Z
offset = -256
name = "a1"
type = "_QWORD[2]"
size = 0x10
addr = 0x2b60
