last_change = 2024-06-28T15:42:39.886602Z
addr = 0x26c0
size = 0x187

[stack_vars.-0x78]
last_change = 2024-06-28T15:42:39.886602Z
offset = -120
name = "var_78"
type = "__int128[2]"
size = 0x20
addr = 0x26c0
