last_change = 2024-06-28T15:42:39.993565Z
addr = 0x2850
size = 0x124

[stack_vars.-0x88]
last_change = 2024-06-28T15:42:39.993565Z
offset = -136
name = "var_80"
type = "__int128"
size = 0x10
addr = 0x2850
