last_change = 2024-06-28T15:42:40.040528Z
addr = 0x2b60
size = 0x1bf

[stack_vars.-0x38]
last_change = 2024-06-28T15:42:40.040528Z
offset = -56
name = "var_28"
type = "__int128"
size = 0x10
addr = 0x2b60
