[metadata]
addr = 0x2850
size = 0x124
last_change = 2024-06-27T09:53:51.633209Z

[stack_vars.-0x88]
last_change = 2024-06-27T09:53:51.633209Z
offset = -136
name = "var_80"
type = "__int128"
size = 0x10
addr = 0x2850
