[metadata]
addr = 0x26c0
size = 0x187
last_change = 2024-06-27T09:53:51.629210Z

[stack_vars.-0x50]
last_change = 2024-06-27T09:53:51.629210Z
offset = -80
name = "var_50"
type = "__int128"
size = 0x10
addr = 0x26c0
