last_change = 2024-06-28T15:42:40.260787Z
addr = 0x9c00
size = 0xbc8

[stack_vars.-0x110]
last_change = 2024-06-28T15:42:40.260787Z
offset = -272
name = "var_100"
type = "_QWORD[2]"
size = 0x10
addr = 0x9c00
