[metadata]
addr = 0x9c00
size = 0xbc8
last_change = 2024-06-27T09:53:51.906447Z

[stack_vars.-0x90]
last_change = 2024-06-27T09:53:51.906447Z
offset = -144
name = "var_80"
type = "__int128[2]"
size = 0x20
addr = 0x9c00
