last_change = 2024-06-28T15:42:39.990567Z
addr = 0x2b60
size = 0x1bf

[stack_vars.-0xd8]
last_change = 2024-06-28T15:42:39.990567Z
offset = -216
name = "var_C8"
type = "__int128"
size = 0x10
addr = 0x2b60
