last_change = 2024-06-28T15:42:40.033955Z
addr = 0x2850
size = 0x124

[stack_vars.-0xb0]
last_change = 2024-06-28T15:42:40.033955Z
offset = -176
name = "var_A8"
type = "_QWORD[2]"
size = 0x10
addr = 0x2850
