[metadata]
addr = 0x9c00
size = 0xbc8
last_change = 2024-06-27T09:53:51.883435Z

[stack_vars.-0xd0]
last_change = 2024-06-27T09:53:51.883435Z
offset = -208
name = "var_C0"
type = "__int128[2]"
size = 0x20
addr = 0x9c00
