last_change = 2024-06-28T15:42:40.265783Z
addr = 0x9c00
size = 0xbc8

[stack_vars.-0xd0]
last_change = 2024-06-28T15:42:40.265783Z
offset = -208
name = "var_C0"
type = "__int128[2]"
size = 0x20
addr = 0x9c00
