[metadata]
addr = 0x2b60
size = 0x1bf
last_change = 2024-06-27T09:53:51.638519Z

[stack_vars.-0x88]
last_change = 2024-06-27T09:53:51.638519Z
offset = -136
name = "var_78"
type = "__int128"
size = 0x10
addr = 0x2b60
