[metadata]
addr = 0x9c00
size = 0xbc8
last_change = 2024-06-27T09:53:52.030151Z

[stack_vars.-0xb0]
last_change = 2024-06-27T09:53:51.884518Z
offset = -176
name = "var_A0"
type = "__int128[2]"
size = 0x20
addr = 0x9c00

[stack_vars.-0x30]
last_change = 2024-06-27T09:53:52.030151Z
offset = -48
name = "var_20"
type = "__int128[2]"
size = 0x20
addr = 0x9c00
