last_change = 2024-06-28T15:42:40.652483Z
addr = 0x1cb30
size = 0x113

[stack_vars.-0x48]
last_change = 2024-06-28T15:42:40.652483Z
offset = -72
name = "var_48"
type = "_QWORD[2]"
size = 0x10
addr = 0x1cb30
