last_change = 2024-06-28T15:42:40.655483Z
addr = 0x1e0c0
size = 0x154

[stack_vars.-0x58]
last_change = 2024-06-28T15:42:40.655483Z
offset = -88
name = "var_48"
type = "__int128"
size = 0x10
addr = 0x1e0c0
