[metadata]
addr = 0x17ff0
size = 0x10d
last_change = 2024-06-27T09:53:52.035165Z

[stack_vars.-0x50]
last_change = 2024-06-27T09:53:52.035165Z
offset = -80
name = "var_50"
type = "_QWORD[2]"
size = 0x10
addr = 0x17ff0
