[metadata]
addr = 0x1cb30
size = 0x113
last_change = 2024-06-27T09:53:52.149566Z

[stack_vars.-0x48]
last_change = 2024-06-27T09:53:52.149566Z
offset = -72
name = "a1"
type = "_QWORD[2]"
size = 0x10
addr = 0x1cb30
