last_change = 2024-06-28T15:42:40.648481Z
addr = 0x1e0c0
size = 0x154

[stack_vars.-0x38]
last_change = 2024-06-28T15:42:40.648481Z
offset = -56
name = "a1"
type = "_QWORD[2]"
size = 0x10
addr = 0x1e0c0
