last_change = 2024-06-28T15:42:40.645411Z
addr = 0x1cb30
size = 0x113

[stack_vars.-0x28]
last_change = 2024-06-28T15:42:40.645411Z
offset = -40
name = "var_28"
type = "__int128[2]"
size = 0x20
addr = 0x1cb30
