[metadata]
addr = 0x1e0c0
size = 0x154
last_change = 2024-06-27T09:53:52.151565Z

[stack_vars.-0x58]
last_change = 2024-06-27T09:53:52.151565Z
offset = -88
name = "var_48"
type = "__int128"
size = 0x10
addr = 0x1e0c0
