last_change = 2024-06-28T15:42:40.498665Z
addr = 0x183d0
size = 0x2a8

[stack_vars.-0x68]
last_change = 2024-06-28T15:42:40.498665Z
offset = -104
name = "var_60"
type = "__int128[2]"
size = 0x20
addr = 0x183d0
