last_change = 2024-06-28T15:42:40.500665Z
addr = 0x183d0
size = 0x2a8

[stack_vars.-0x128]
last_change = 2024-06-28T15:42:40.500665Z
offset = -296
name = "var_120"
type = "_QWORD[2]"
size = 0x10
addr = 0x183d0
