last_change = 2024-06-28T15:42:40.504667Z
addr = 0x18100
size = 0x10d

[stack_vars.-0x58]
last_change = 2024-06-28T15:42:40.504667Z
offset = -88
name = "a1"
type = "_QWORD[2]"
size = 0x10
addr = 0x18100
