[metadata]
addr = 0x18100
size = 0x10d
last_change = 2024-06-27T09:53:52.033151Z

[stack_vars.-0x58]
last_change = 2024-06-27T09:53:52.033151Z
offset = -88
name = "a1"
type = "_QWORD[2]"
size = 0x10
addr = 0x18100
