last_change = 2024-06-28T15:42:40.506675Z
addr = 0x183d0
size = 0x2a8

[stack_vars.-0xe8]
last_change = 2024-06-28T15:42:40.506675Z
offset = -232
name = "var_E0"
type = "__int128[2]"
size = 0x20
addr = 0x183d0
