last_change = 2024-06-28T15:42:40.661564Z
addr = 0x1e0c0
size = 0x154

[stack_vars.-0x48]
last_change = 2024-06-28T15:42:40.661564Z
offset = -72
name = "var_38"
type = "size_t"
size = 0x8
addr = 0x1e0c0
