last_change = 2024-06-28T15:42:40.657565Z
addr = 0x1e0c0
size = 0x154

[stack_vars.-0x28]
last_change = 2024-06-28T15:42:40.657565Z
offset = -40
name = "a3"
type = "__int128"
size = 0x10
addr = 0x1e0c0
