last_change = 2024-06-28T15:42:42.012397Z
addr = 0x266b0
size = 0x187

[stack_vars.-0x78]
last_change = 2024-06-28T15:42:42.012397Z
offset = -120
name = "var_78"
type = "__int128[2]"
size = 0x20
addr = 0x266b0
