last_change = 2024-06-28T15:42:40.970650Z
addr = 0x234a0
size = 0x2de

[stack_vars.-0x180]
last_change = 2024-06-28T15:42:40.970650Z
offset = -384
name = "var_168"
type = "__int128"
size = 0x10
addr = 0x234a0
