last_change = 2024-06-28T15:42:42.036084Z
addr = 0x26aa0
size = 0x1d2

[stack_vars.-0xf8]
last_change = 2024-06-28T15:42:42.036084Z
offset = -248
name = "a1"
type = "_QWORD[2]"
size = 0x10
addr = 0x26aa0
