last_change = 2024-06-28T15:42:41.006578Z
addr = 0x23780
size = 0x1d6

[stack_vars.-0x98]
last_change = 2024-06-28T15:42:41.006578Z
offset = -152
name = "var_80"
type = "__int128[2]"
size = 0x20
addr = 0x23780
