last_change = 2024-06-28T15:42:42.011397Z
addr = 0x261f0
size = 0x25c

[stack_vars.-0x60]
last_change = 2024-06-28T15:42:42.011397Z
offset = -96
name = "var_50"
type = "__int128[2]"
size = 0x20
addr = 0x261f0
