last_change = 2024-06-28T15:42:41.469131Z
addr = 0x256a0
size = 0x14c

[stack_vars.-0x58]
last_change = 2024-06-28T15:42:41.469131Z
offset = -88
name = "var_58"
type = "__int128[2]"
size = 0x20
addr = 0x256a0
