last_change = 2024-06-28T15:42:42.056630Z
addr = 0x26c80
size = 0x420

[stack_vars.-0x2b8]
last_change = 2024-06-28T15:42:42.056630Z
offset = -696
name = "var_2A8"
type = "_QWORD[2]"
size = 0x10
addr = 0x26c80
