last_change = 2024-06-28T15:42:42.973191Z
addr = 0x27a70
size = 0x1d6

[stack_vars.-0x30]
last_change = 2024-06-28T15:42:42.973191Z
offset = -48
name = "var_20"
type = "__int128[2]"
size = 0x20
addr = 0x27a70
