last_change = 2024-06-28T15:42:41.501814Z
addr = 0x25c20
size = 0x14c

[stack_vars.-0x58]
last_change = 2024-06-28T15:42:41.501814Z
offset = -88
name = "var_58"
type = "__int128[2]"
size = 0x20
addr = 0x25c20
