last_change = 2024-06-28T15:42:41.928433Z
addr = 0x261f0
size = 0x25c

[stack_vars.-0xb0]
last_change = 2024-06-28T15:42:41.928433Z
offset = -176
name = "var_A0"
type = "__int128[2]"
size = 0x20
addr = 0x261f0
