last_change = 2024-06-28T15:42:42.487442Z
addr = 0x27740
size = 0x1d2

[stack_vars.-0xf8]
last_change = 2024-06-28T15:42:42.487442Z
offset = -248
name = "var_E8"
type = "_QWORD[2]"
size = 0x10
addr = 0x27740
