last_change = 2024-06-28T15:42:41.924410Z
addr = 0x261f0
size = 0x25c

[stack_vars.-0x100]
last_change = 2024-06-28T15:42:41.924410Z
offset = -256
name = "var_F0"
type = "__int128[2]"
size = 0x20
addr = 0x261f0
