last_change = 2024-06-28T15:42:40.985685Z
addr = 0x23780
size = 0x1d6

[stack_vars.-0x138]
last_change = 2024-06-28T15:42:40.985685Z
offset = -312
name = "var_120"
type = "_QWORD[2]"
size = 0x10
addr = 0x23780
