last_change = 2024-06-28T15:42:40.918936Z
addr = 0x23390
size = 0xf3

[stack_vars.-0x30]
last_change = 2024-06-28T15:42:40.918936Z
offset = -48
name = "var_30"
type = "__int128"
size = 0x10
addr = 0x23390
