last_change = 2024-06-28T15:42:40.977681Z
addr = 0x234a0
size = 0x2de

[stack_vars.-0x108]
last_change = 2024-06-28T15:42:40.977681Z
offset = -264
name = "var_F0"
type = "__int128[2]"
size = 0x20
addr = 0x234a0
