last_change = 2024-06-28T15:42:42.492442Z
addr = 0x27740
size = 0x1d2

[stack_vars.-0xd0]
last_change = 2024-06-28T15:42:42.492442Z
offset = -208
name = "var_C0"
type = "__int128[2]"
size = 0x20
addr = 0x27740
