last_change = 2024-06-28T15:42:42.425853Z
addr = 0x26c80
size = 0x420

[stack_vars.-0x1a0]
last_change = 2024-06-28T15:42:42.425853Z
offset = -416
name = "var_190"
type = "__int128[2]"
size = 0x20
addr = 0x26c80
