last_change = 2024-06-28T15:42:42.049444Z
addr = 0x26c80
size = 0x420

[stack_vars.-0x2b8]
last_change = 2024-06-28T15:42:42.049444Z
offset = -696
name = "a1"
type = "_QWORD[2]"
size = 0x10
addr = 0x26c80
