last_change = 2024-06-28T15:42:40.972651Z
addr = 0x234a0
size = 0x2de

[stack_vars.-0x130]
last_change = 2024-06-28T15:42:40.972651Z
offset = -304
name = "var_118"
type = "__int128"
size = 0x10
addr = 0x234a0
