last_change = 2024-06-28T15:42:41.936439Z
addr = 0x261f0
size = 0x25c

[stack_vars.-0xd8]
last_change = 2024-06-28T15:42:41.936439Z
offset = -216
name = "var_C8"
type = "__int128"
size = 0x10
addr = 0x261f0
