last_change = 2024-06-28T15:42:42.038591Z
addr = 0x26aa0
size = 0x1d2

[stack_vars.-0xf8]
last_change = 2024-06-28T15:42:42.038591Z
offset = -248
name = "var_E8"
type = "_QWORD[2]"
size = 0x10
addr = 0x26aa0
