last_change = 2024-06-28T15:42:42.063634Z
addr = 0x26c80
size = 0x420

[stack_vars.-0x290]
last_change = 2024-06-28T15:42:42.063634Z
offset = -656
name = "var_280"
type = "__int128[2]"
size = 0x20
addr = 0x26c80
