last_change = 2024-06-28T15:42:40.964642Z
addr = 0x23390
size = 0xf3

[stack_vars.-0x58]
last_change = 2024-06-28T15:42:40.964642Z
offset = -88
name = "var_58"
type = "__int128[2]"
size = 0x20
addr = 0x23390
