last_change = 2024-06-28T15:42:40.995786Z
addr = 0x234a0
size = 0x2de

[stack_vars.-0x40]
last_change = 2024-06-28T15:42:40.995786Z
offset = -64
name = "var_28"
type = "__int128"
size = 0x10
addr = 0x234a0
