last_change = 2024-06-28T15:42:42.482935Z
addr = 0x27620
size = 0x111

[stack_vars.-0x50]
last_change = 2024-06-28T15:42:42.482935Z
offset = -80
name = "a1"
type = "_QWORD[2]"
size = 0x10
addr = 0x27620
