last_change = 2024-06-28T15:42:42.437202Z
addr = 0x26c80
size = 0x420

[stack_vars.-0xb0]
last_change = 2024-06-28T15:42:42.437202Z
offset = -176
name = "var_A0"
type = "__int128[2]"
size = 0x20
addr = 0x26c80
