last_change = 2024-06-28T15:42:41.922409Z
addr = 0x261f0
size = 0x25c

[stack_vars.-0x128]
last_change = 2024-06-28T15:42:41.922409Z
offset = -296
name = "var_118"
type = "__int128"
size = 0x10
addr = 0x261f0
