last_change = 2024-06-28T15:42:42.464747Z
addr = 0x271f0
size = 0x187

[stack_vars.-0x50]
last_change = 2024-06-28T15:42:42.464747Z
offset = -80
name = "var_50"
type = "__int128"
size = 0x10
addr = 0x271f0
