last_change = 2024-06-28T15:42:40.981683Z
addr = 0x234a0
size = 0x2de

[stack_vars.-0x68]
last_change = 2024-06-28T15:42:40.981683Z
offset = -104
name = "var_50"
type = "__int128[2]"
size = 0x20
addr = 0x234a0
