last_change = 2024-06-28T15:42:42.421351Z
addr = 0x26c80
size = 0x420

[stack_vars.-0x1f0]
last_change = 2024-06-28T15:42:42.421351Z
offset = -496
name = "var_1E0"
type = "__int128[2]"
size = 0x20
addr = 0x26c80
