last_change = 2024-06-28T15:42:42.047425Z
addr = 0x26aa0
size = 0x1d2

[stack_vars.-0x58]
last_change = 2024-06-28T15:42:42.047425Z
offset = -88
name = "var_48"
type = "__int128"
size = 0x10
addr = 0x26aa0
