last_change = 2024-06-28T15:42:41.569661Z
addr = 0x261f0
size = 0x25c

[stack_vars.-0x178]
last_change = 2024-06-28T15:42:41.569661Z
offset = -376
name = "var_168"
type = "_QWORD[2]"
size = 0x10
addr = 0x261f0
