last_change = 2024-06-28T15:42:42.958788Z
addr = 0x27920
size = 0x14c

[stack_vars.-0x58]
last_change = 2024-06-28T15:42:42.958788Z
offset = -88
name = "var_58"
type = "__int128[2]"
size = 0x20
addr = 0x27920
