last_change = 2024-06-28T15:42:42.428367Z
addr = 0x26c80
size = 0x420

[stack_vars.-0x128]
last_change = 2024-06-28T15:42:42.428367Z
offset = -296
name = "var_118"
type = "__int128"
size = 0x10
addr = 0x26c80
