last_change = 2024-06-28T15:42:42.052446Z
addr = 0x26aa0
size = 0x1d2

[stack_vars.-0x30]
last_change = 2024-06-28T15:42:42.052446Z
offset = -48
name = "var_20"
type = "__int128[2]"
size = 0x20
addr = 0x26aa0
