last_change = 2024-06-28T15:42:40.983683Z
addr = 0x234a0
size = 0x2de

[stack_vars.-0xe0]
last_change = 2024-06-28T15:42:40.983683Z
offset = -224
name = "var_C8"
type = "__int128"
size = 0x10
addr = 0x234a0
