last_change = 2024-06-28T15:42:42.473757Z
addr = 0x274d0
size = 0x14c

[stack_vars.-0x80]
last_change = 2024-06-28T15:42:42.473757Z
offset = -128
name = "var_80"
type = "_QWORD[2]"
size = 0x10
addr = 0x274d0
