last_change = 2024-06-28T15:42:42.008398Z
addr = 0x266b0
size = 0x187

[stack_vars.-0xa0]
last_change = 2024-06-28T15:42:42.008398Z
offset = -160
name = "var_A0"
type = "_QWORD[2]"
size = 0x10
addr = 0x266b0
