last_change = 2024-06-28T15:42:41.453200Z
addr = 0x256a0
size = 0x14c

[stack_vars.-0x80]
last_change = 2024-06-28T15:42:41.453200Z
offset = -128
name = "a1"
type = "_QWORD[2]"
size = 0x10
addr = 0x256a0
