last_change = 2024-06-28T15:42:40.979684Z
addr = 0x234a0
size = 0x2de

[stack_vars.-0xb8]
last_change = 2024-06-28T15:42:40.979684Z
offset = -184
name = "var_A0"
type = "__int128[2]"
size = 0x20
addr = 0x234a0
