last_change = 2024-06-28T15:42:40.988787Z
addr = 0x234a0
size = 0x2de

[stack_vars.-0x90]
last_change = 2024-06-28T15:42:40.988787Z
offset = -144
name = "var_78"
type = "__int128"
size = 0x10
addr = 0x234a0
