last_change = 2024-06-28T15:42:40.913983Z
addr = 0x23390
size = 0xf3

[stack_vars.-0x80]
last_change = 2024-06-28T15:42:40.913983Z
offset = -128
name = "var_80"
type = "_QWORD[2]"
size = 0x10
addr = 0x23390
