last_change = 2024-06-28T15:42:40.961642Z
addr = 0x234a0
size = 0x2de

[stack_vars.-0x1f8]
last_change = 2024-06-28T15:42:40.961642Z
offset = -504
name = "var_1E0"
type = "_QWORD[2]"
size = 0x10
addr = 0x234a0
