last_change = 2024-06-28T15:42:42.423351Z
addr = 0x26c80
size = 0x420

[stack_vars.-0x150]
last_change = 2024-06-28T15:42:42.423351Z
offset = -336
name = "var_140"
type = "__int128[2]"
size = 0x20
addr = 0x26c80
