last_change = 2024-06-28T15:42:42.489444Z
addr = 0x27620
size = 0x111

[stack_vars.-0x28]
last_change = 2024-06-28T15:42:42.489444Z
offset = -40
name = "var_28"
type = "__int128[2]"
size = 0x20
addr = 0x27620
