last_change = 2024-06-28T15:42:40.975650Z
addr = 0x234a0
size = 0x2de

[stack_vars.-0x1d0]
last_change = 2024-06-28T15:42:40.975650Z
offset = -464
name = "var_1B8"
type = "__int128"
size = 0x10
addr = 0x234a0
