last_change = 2024-06-28T15:42:41.920410Z
addr = 0x261f0
size = 0x25c

[stack_vars.-0x150]
last_change = 2024-06-28T15:42:41.920410Z
offset = -336
name = "var_140"
type = "__int128[2]"
size = 0x20
addr = 0x261f0
