last_change = 2024-06-28T15:42:40.993786Z
addr = 0x234a0
size = 0x2de

[stack_vars.-0x158]
last_change = 2024-06-28T15:42:40.993786Z
offset = -344
name = "var_140"
type = "__int128[2]"
size = 0x20
addr = 0x234a0
