last_change = 2024-06-28T15:42:42.418349Z
addr = 0x26c80
size = 0x420

[stack_vars.-0x218]
last_change = 2024-06-28T15:42:42.418349Z
offset = -536
name = "var_208"
type = "__int128"
size = 0x10
addr = 0x26c80
