last_change = 2024-06-28T15:42:41.583676Z
addr = 0x260e0
size = 0x10d

[stack_vars.-0x50]
last_change = 2024-06-28T15:42:41.583676Z
offset = -80
name = "a1"
type = "_QWORD[2]"
size = 0x10
addr = 0x260e0
