last_change = 2024-07-08T18:22:33.318025Z
addr = 0x9a8e0
size = 0x1922

[stack_vars.-0x1328]
last_change = 2024-07-08T18:22:33.318025Z
offset = -4904
name = "var_1320"
type = "_QWORD[4]"
size = 0x20
addr = 0x9a8e0
