last_change = 2024-07-08T18:22:32.873305Z
addr = 0x944c0
size = 0xff

[stack_vars.-0x160]
last_change = 2024-07-08T18:22:32.873305Z
offset = -352
name = "var_158"
type = "unsigned long long[6]"
size = 0x30
addr = 0x944c0
