last_change = 2024-07-08T18:22:33.318025Z
addr = 0x9a8e0
size = 0x1922

[stack_vars.-0x1308]
last_change = 2024-07-08T18:22:33.318025Z
offset = -4872
name = "var_1300"
type = "__int128"
size = 0x10
addr = 0x9a8e0
