last_change = 2024-06-28T11:24:52.482552Z
addr = 0x12ef80
size = 0xf5b

[stack_vars.-0x78]
last_change = 2024-06-28T11:24:52.482552Z
offset = -120
name = "a1"
type = "long long[2]"
size = 0x10
addr = 0x12ef80
