[metadata]
addr = 0x1396b0
size = 0x109
last_change = 2024-06-28T16:47:21.468211Z

[header]
last_change = 2024-06-28T16:47:21.468211Z
addr = 0x1396b0
type = "long long *"
