[metadata]
addr = 0x145b40
size = 0xa5
last_change = 2024-06-20T17:34:51.799440Z

[header]
last_change = 2024-06-20T17:34:51.799440Z
addr = 0x145b40
type = "void *"
