last_change = 2024-06-28T11:24:52.482552Z
addr = 0x14f210
size = 0x244

[stack_vars.-0x68]
last_change = 2024-06-28T11:24:52.482552Z
offset = -104
name = "a1"
type = "long long[3]"
size = 0x18
addr = 0x14f210
