last_change = 2024-06-28T11:24:52.483552Z
addr = 0x14f210
size = 0x244

[stack_vars.-0x68]
last_change = 2024-06-28T11:24:52.483552Z
offset = -104
name = "var_48"
type = "long long[3]"
size = 0x18
addr = 0x14f210
