[metadata]
addr = 0x14af40
size = 0x35
last_change = 2024-06-20T17:32:26.225696Z

[header]
last_change = 2024-06-20T17:32:26.225696Z
name = "__ZNK11AppPlatform22getTermsOfUseHyperlinkEv"
addr = 0x14af40
