[metadata]
addr = 0x208a20
size = 0x42
last_change = 2024-06-13T22:11:08.781431Z

[header]
last_change = 2024-06-13T22:11:08.781431Z
addr = 0x208a20
type = "double"
