last_change = 2024-06-19T23:44:12.491559Z
addr = 0x238230
size = 0x17b

[stack_vars.-0x80]
last_change = 2024-06-19T23:44:12.491559Z
offset = -128
name = "var_38"
type = "__int128"
size = 0x10
addr = 0x238230
