last_change = 2024-06-19T23:44:12.491559Z
addr = 0x238230
size = 0x17b

[stack_vars.-0x70]
last_change = 2024-06-19T23:44:12.491559Z
offset = -112
name = "var_28"
type = "__int128"
size = 0x10
addr = 0x238230
