last_change = 2024-06-28T11:24:56.167679Z
addr = 0x24af50
size = 0x142

[stack_vars.-0x40]
last_change = 2024-06-28T11:24:56.167679Z
offset = -64
name = "a1"
type = "long long[3]"
size = 0x18
addr = 0x24af50
