last_change = 2024-06-28T11:24:56.166680Z
addr = 0x249f90
size = 0x5c9

[stack_vars.-0x140]
last_change = 2024-06-28T11:24:56.166680Z
offset = -320
name = "a1"
type = "long long[3]"
size = 0x18
addr = 0x249f90
