last_change = 2024-06-28T11:24:56.167679Z
addr = 0x24bd70
size = 0x21b

[stack_vars.-0x70]
last_change = 2024-06-28T11:24:56.167679Z
offset = -112
name = "var_58"
type = "long long[3]"
size = 0x18
addr = 0x24bd70
