last_change = 2024-07-16T14:04:13.060177Z
addr = 0x2462e0
size = 0xa10

[stack_vars.-0x210]
last_change = 2024-07-16T14:04:13.060177Z
offset = -528
name = "hashed"
type = "HashedString *"
size = 0x8
addr = 0x2462e0
