last_change = 2024-06-28T11:24:56.165680Z
addr = 0x246cf0
size = 0x1f08

[stack_vars.-0x180]
last_change = 2024-06-28T11:24:56.165680Z
offset = -384
name = "a1"
type = "long long[3]"
size = 0x18
addr = 0x246cf0
