last_change = 2024-06-28T11:24:56.166680Z
addr = 0x249a80
size = 0x4ba

[stack_vars.-0xd0]
last_change = 2024-06-28T11:24:56.166680Z
offset = -208
name = "var_B8"
type = "long long"
size = 0x8
addr = 0x249a80
