last_change = 2024-06-28T11:24:56.167679Z
addr = 0x24b0a0
size = 0xa68

[stack_vars.-0x208]
last_change = 2024-06-28T11:24:56.167679Z
offset = -520
name = "var_1C0"
type = "long long[3]"
size = 0x18
addr = 0x24b0a0
