last_change = 2024-06-28T11:24:56.164679Z
addr = 0x249a80
size = 0x4ba

[stack_vars.-0x78]
last_change = 2024-06-28T11:24:56.164679Z
offset = -120
name = "var_60"
type = "long long[2]"
size = 0x10
addr = 0x249a80
