last_change = 2024-07-16T14:04:06.872217Z
addr = 0x2462e0
size = 0xa10

[stack_vars.-0x210]
last_change = 2024-07-16T14:04:06.872217Z
offset = -528
name = "var_1E8"
type = "HashedString *"
size = 0x8
addr = 0x2462e0
