[metadata]
addr = 0x245180
size = 0x367
last_change = 2024-06-23T17:19:42.902062Z

[header]
last_change = 2024-06-23T17:19:42.902062Z
name = "?read@Packet@@UEAA?AV?$Result@XVerror_code@std@@@Bedrock@@AEAVReadOnlyBinaryStream@@@Z"
addr = 0x245180
