last_change = 2024-06-28T11:24:56.167679Z
addr = 0x27a7e0
size = 0x2c1

[stack_vars.-0xc0]
last_change = 2024-06-28T11:24:56.167679Z
offset = -192
name = "a1"
type = "long long"
size = 0x8
addr = 0x27a7e0
