last_change = 2024-06-28T11:24:56.171105Z
addr = 0x2d5050
size = 0x273

[stack_vars.-0x98]
last_change = 2024-06-28T11:24:56.171105Z
offset = -152
name = "a1"
type = "long long[3]"
size = 0x18
addr = 0x2d5050
