last_change = 2024-06-28T11:24:56.172105Z
addr = 0x2e2e00
size = 0x5ef

[stack_vars.-0xc0]
last_change = 2024-06-28T11:24:56.172105Z
offset = -192
name = "a1"
type = "long long[2]"
size = 0x10
addr = 0x2e2e00
