last_change = 2024-06-26T17:15:54.662638Z
addr = 0x312190
size = 0x9af

[stack_vars.-0x230]
last_change = 2024-06-26T17:15:54.662638Z
offset = -560
name = "a4"
type = "char[320]"
size = 0x140
addr = 0x312190
