last_change = 2024-06-26T17:15:54.662638Z
addr = 0x312190
size = 0x9af

[stack_vars.-0x588]
last_change = 2024-06-26T17:15:54.662638Z
offset = -1416
name = "var_580"
type = "long long"
size = 0x8
addr = 0x312190
