last_change = 2024-06-26T17:15:54.663639Z
addr = 0x312190
size = 0x9af

[stack_vars.-0x398]
last_change = 2024-06-26T17:15:54.663639Z
offset = -920
name = "var_390"
type = "__int128[2]"
size = 0x20
addr = 0x312190
