last_change = 2024-06-26T17:15:54.661638Z
addr = 0x312190
size = 0x9af

[stack_vars.-0x518]
last_change = 2024-06-26T17:15:54.661638Z
offset = -1304
name = "var_510"
type = "long long"
size = 0x8
addr = 0x312190
