last_change = 2024-06-26T17:15:54.662638Z
addr = 0x312190
size = 0x9af

[stack_vars.-0x3d8]
last_change = 2024-06-26T17:15:54.662638Z
offset = -984
name = "var_3D0"
type = "__int128[3]"
size = 0x30
addr = 0x312190
