last_change = 2024-06-28T11:24:56.170104Z
addr = 0x3369b0
size = 0xac

[stack_vars.-0x30]
last_change = 2024-06-28T11:24:56.170104Z
offset = -48
name = "var_28"
type = "long long[3]"
size = 0x18
addr = 0x3369b0
