[metadata]
addr = 0x34be60
size = 0x599
last_change = 2024-06-17T21:29:42.700513Z

[header]
last_change = 2024-06-17T21:29:42.700513Z
name = "__ZN14ClientInstance15onStartJoinGameEb"
addr = 0x34be60
