last_change = 2024-06-28T11:24:56.172105Z
addr = 0x356d00
size = 0x2d6

[stack_vars.-0x68]
last_change = 2024-06-28T11:24:56.172105Z
offset = -104
name = "var_40"
type = "long long[3]"
size = 0x18
addr = 0x356d00
