last_change = 2024-06-28T11:24:56.173105Z
addr = 0x389980
size = 0x628

[stack_vars.-0x100]
last_change = 2024-06-28T11:24:56.173105Z
offset = -256
name = "a1"
type = "long long[3]"
size = 0x18
addr = 0x389980
