last_change = 2024-06-28T11:24:57.710781Z
addr = 0x441650
size = 0x208

[stack_vars.-0x50]
last_change = 2024-06-28T11:24:57.710781Z
offset = -80
name = "var_38"
type = "long long[3]"
size = 0x18
addr = 0x441650
