last_change = 2024-06-28T11:24:59.601556Z
addr = 0x443e80
size = 0x208

[stack_vars.-0x50]
last_change = 2024-06-28T11:24:59.601556Z
offset = -80
name = "a1"
type = "long long[3]"
size = 0x18
addr = 0x443e80
