last_change = 2024-06-28T11:24:59.610561Z
addr = 0x472ab0
size = 0x7a1

[stack_vars.-0x198]
last_change = 2024-06-28T11:24:59.610561Z
offset = -408
name = "a1"
type = "long long[3]"
size = 0x18
addr = 0x472ab0
