last_change = 2024-06-28T11:25:02.658850Z
addr = 0x491ee0
size = 0x1242

[stack_vars.-0x3d0]
last_change = 2024-06-28T11:25:02.658850Z
offset = -976
name = "var_3B0"
type = "long long[2]"
size = 0x10
addr = 0x491ee0
