last_change = 2024-06-28T11:25:02.661113Z
addr = 0x491ee0
size = 0x1242

[stack_vars.-0x3d0]
last_change = 2024-06-28T11:25:02.661113Z
offset = -976
name = "a1"
type = "long long[2]"
size = 0x10
addr = 0x491ee0
