last_change = 2024-06-26T17:15:54.663639Z
addr = 0x4b2de0
size = 0x9da

[stack_vars.-0x508]
last_change = 2024-06-26T17:15:54.663639Z
offset = -1288
name = "var_500"
type = "__int128[2]"
size = 0x20
addr = 0x4b2de0
