last_change = 2024-06-26T16:47:02.469813Z
addr = 0x4b37c0
size = 0x1260

[stack_vars.-0x758]
last_change = 2024-06-26T16:47:02.469813Z
offset = -1880
name = "var_750"
type = "int[4]"
size = 0x10
addr = 0x4b37c0

[stack_vars.-0x308]
last_change = 2024-06-26T16:47:02.467811Z
offset = -776
name = "a1"
type = "long long[68]"
size = 0x220
addr = 0x4b37c0
