last_change = 2024-06-26T17:15:54.664638Z
addr = 0x4b2de0
size = 0x9da

[stack_vars.-0x638]
last_change = 2024-06-26T17:15:54.664638Z
offset = -1592
name = "a5"
type = "long long"
size = 0x8
addr = 0x4b2de0
