last_change = 2024-06-26T16:40:30.806389Z
addr = 0x4b37c0
size = 0x1260

[stack_vars.-0x758]
last_change = 2024-06-26T16:40:30.806389Z
offset = -1880
name = "a3"
type = "int[4]"
size = 0x10
addr = 0x4b37c0
