[metadata]
addr = 0x4d08b0
size = 0x27c
last_change = 2024-06-27T10:53:39.960282Z

[header]
last_change = 2024-06-27T10:46:11.704255Z
name = "__ZN14NinePatchLayer4drawER13ScreenContextR11Tessellatorff"
addr = 0x4d08b0
