last_change = 2024-06-28T11:25:02.662114Z
addr = 0x4da190
size = 0x33d

[stack_vars.-0x90]
last_change = 2024-06-28T11:25:02.662114Z
offset = -144
name = "a1"
type = "long long[3]"
size = 0x18
addr = 0x4da190
