last_change = 2024-06-28T11:25:02.662114Z
addr = 0x4ee8e0
size = 0x482

[stack_vars.-0x188]
last_change = 2024-06-28T11:25:02.662114Z
offset = -392
name = "var_160"
type = "long long[2]"
size = 0x10
addr = 0x4ee8e0
