last_change = 2024-06-28T11:25:02.661113Z
addr = 0x4ee8e0
size = 0x482

[stack_vars.-0x188]
last_change = 2024-06-28T11:25:02.661113Z
offset = -392
name = "a1"
type = "long long[2]"
size = 0x10
addr = 0x4ee8e0
