last_change = 2024-06-28T11:25:02.663114Z
addr = 0x4f30a0
size = 0x199

[stack_vars.-0x90]
last_change = 2024-06-28T11:25:02.663114Z
offset = -144
name = "var_88"
type = "long long[3]"
size = 0x18
addr = 0x4f30a0
