[metadata]
addr = 0x502f40
size = 0x110
last_change = 2024-06-27T22:54:46.229159Z

[header]
last_change = 2024-06-27T22:54:46.229159Z
addr = 0x502f40
type = "void"
