last_change = 2024-06-28T11:25:02.662114Z
addr = 0x51f950
size = 0x1a60

[stack_vars.-0xcf0]
last_change = 2024-06-28T11:25:02.662114Z
offset = -3312
name = "var_CE8"
type = "long long"
size = 0x8
addr = 0x51f950
