[metadata]
addr = 0x542140
size = 0xd4
last_change = 2024-06-26T17:22:09.046269Z

[header]
last_change = 2024-06-26T17:22:09.046269Z
addr = 0x542140
type = "_QWORD *"
