last_change = 2024-06-26T17:15:54.664638Z
addr = 0x5a0960
size = 0x1c2

[stack_vars.-0x1b0]
last_change = 2024-06-26T17:15:54.664638Z
offset = -432
name = "var_190"
type = "__int128[2]"
size = 0x20
addr = 0x5a0960
