last_change = 2024-06-26T17:15:54.664638Z
addr = 0x5ab970
size = 0x672

[stack_vars.-0x5b8]
last_change = 2024-06-26T17:15:54.664638Z
offset = -1464
name = "a5"
type = "long long"
size = 0x8
addr = 0x5ab970
