last_change = 2024-06-26T17:15:54.665639Z
addr = 0x5ab970
size = 0x672

[stack_vars.-0x5a8]
last_change = 2024-06-26T17:15:54.665639Z
offset = -1448
name = "var_5A0"
type = "long long"
size = 0x8
addr = 0x5ab970
