last_change = 2024-06-26T17:15:54.664638Z
addr = 0x5ab970
size = 0x672

[stack_vars.-0x2b8]
last_change = 2024-06-26T17:15:54.664638Z
offset = -696
name = "var_2B0"
type = "int[136]"
size = 0x220
addr = 0x5ab970
