last_change = 2024-06-26T17:15:54.664638Z
addr = 0x5ab970
size = 0x672

[stack_vars.-0x438]
last_change = 2024-06-26T17:15:54.664638Z
offset = -1080
name = "a4"
type = "char[320]"
size = 0x140
addr = 0x5ab970
