last_change = 2024-06-28T11:25:04.352178Z
addr = 0x63cc10
size = 0x174

[stack_vars.-0x48]
last_change = 2024-06-28T11:25:04.352178Z
offset = -72
name = "a1"
type = "long long[2]"
size = 0x10
addr = 0x63cc10
