last_change = 2024-06-28T11:25:04.354178Z
addr = 0x630b60
size = 0x17f

[stack_vars.-0x40]
last_change = 2024-06-28T11:25:04.354178Z
offset = -64
name = "var_38"
type = "long long[3]"
size = 0x18
addr = 0x630b60
