last_change = 2024-06-28T11:25:04.353178Z
addr = 0x683bf0
size = 0x36c

[stack_vars.-0x70]
last_change = 2024-06-28T11:25:04.353178Z
offset = -112
name = "var_68"
type = "long long"
size = 0x8
addr = 0x683bf0
