last_change = 2024-06-28T11:25:04.353178Z
addr = 0x6985d0
size = 0x6d5

[stack_vars.-0x1b0]
last_change = 2024-06-28T11:25:04.353178Z
offset = -432
name = "var_158"
type = "long long[2]"
size = 0x10
addr = 0x6985d0
