last_change = 2024-06-28T11:25:04.355179Z
addr = 0x6985d0
size = 0x6d5

[stack_vars.-0x1b0]
last_change = 2024-06-28T11:25:04.355179Z
offset = -432
name = "a1"
type = "long long[2]"
size = 0x10
addr = 0x6985d0
