last_change = 2024-06-28T11:25:04.355684Z
addr = 0x6c7750
size = 0x7cc

[stack_vars.-0x280]
last_change = 2024-06-28T11:25:04.355684Z
offset = -640
name = "var_258"
type = "long long[2]"
size = 0x10
addr = 0x6c7750
