last_change = 2024-06-28T11:25:04.355684Z
addr = 0x6c7750
size = 0x7cc

[stack_vars.-0x260]
last_change = 2024-06-28T11:25:04.355684Z
offset = -608
name = "a1"
type = "long long[2]"
size = 0x10
addr = 0x6c7750
