last_change = 2024-06-28T11:25:04.356689Z
addr = 0x6ddda0
size = 0x10c4

[stack_vars.-0x278]
last_change = 2024-06-28T11:25:04.356689Z
offset = -632
name = "a1"
type = "long long[2]"
size = 0x10
addr = 0x6ddda0
