last_change = 2024-06-28T11:25:04.355179Z
addr = 0x6ddda0
size = 0x10c4

[stack_vars.-0x298]
last_change = 2024-06-28T11:25:04.355179Z
offset = -664
name = "var_278"
type = "long long[2]"
size = 0x10
addr = 0x6ddda0
