last_change = 2024-06-28T11:25:04.355684Z
addr = 0x6e1f30
size = 0x131

[stack_vars.-0x68]
last_change = 2024-06-28T11:25:04.355684Z
offset = -104
name = "a1"
type = "long long[3]"
size = 0x18
addr = 0x6e1f30
