last_change = 2024-06-28T11:25:04.356689Z
addr = 0x6e6b50
size = 0x98c

[stack_vars.-0x1a8]
last_change = 2024-06-28T11:25:04.356689Z
offset = -424
name = "var_188"
type = "long long[2]"
size = 0x10
addr = 0x6e6b50
