[metadata]
addr = 0x6f54c0
size = 0x53d
last_change = 2024-06-20T16:32:08.686050Z

[header]
last_change = 2024-06-20T16:32:08.686050Z
name = "__ZN5OreUI12CoherentBindEPN6cohtml6BinderEPNS_17LevelDataBindings8AdvancedE"
addr = 0x6f54c0
