[metadata]
addr = 0x6f77d0
size = 0x3e
last_change = 2024-06-20T16:36:19.101284Z

[header]
last_change = 2024-06-20T16:36:19.101284Z
name = "__ZNK5OreUI17LevelDataBindings8Advanced15getUseFlatWorldEv"
addr = 0x6f77d0
