[metadata]
addr = 0x6f7880
size = 0x1d
last_change = 2024-06-20T16:37:27.337341Z

[header]
last_change = 2024-06-20T16:37:27.337341Z
name = "__ZN5OreUI17LevelDataBindings8Advanced21setSimulationDistanceEi"
addr = 0x6f7880
