last_change = 2024-06-28T11:25:06.202927Z
addr = 0x70afd0
size = 0x1ab

[stack_vars.-0x30]
last_change = 2024-06-28T11:25:06.202927Z
offset = -48
name = "a1"
type = "long long[3]"
size = 0x18
addr = 0x70afd0
