[metadata]
addr = 0x77cb50
size = 0x9
last_change = 2024-06-13T22:11:08.781431Z

[header]
last_change = 2024-06-13T22:11:08.781431Z
addr = 0x77cb50
type = "double"
