[metadata]
addr = 0x799300
size = 0x111
last_change = 2024-06-27T10:59:32.928787Z

[header]
last_change = 2024-06-27T10:59:32.928787Z
name = "__ZN11Tessellator5beginEib"
addr = 0x799300
