[metadata]
addr = 0x79a140
size = 0x958
last_change = 2024-06-26T22:16:20.715564Z

[header]
last_change = 2024-06-26T22:16:20.715564Z
name = "__ZN11Tessellator3endENSt3__117basic_string_viewIcNS0_11char_traitsIcEEEENS_36SupplementaryFieldAutoGenerationModeE"
addr = 0x79a140
