last_change = 2024-06-28T11:25:08.903016Z
addr = 0x7d38f0
size = 0x64f

[stack_vars.-0x2e8]
last_change = 2024-06-28T11:25:08.903016Z
offset = -744
name = "var_2B8"
type = "long long"
size = 0x8
addr = 0x7d38f0
