last_change = 2024-06-28T11:25:08.906521Z
addr = 0x88cc20
size = 0x924

[stack_vars.-0x5b8]
last_change = 2024-06-28T11:25:08.906521Z
offset = -1464
name = "a1"
type = "long long[5]"
size = 0x28
addr = 0x88cc20
