last_change = 2024-06-28T11:25:08.906521Z
addr = 0x8a3940
size = 0x69d

[stack_vars.-0x230]
last_change = 2024-06-28T11:25:08.906521Z
offset = -560
name = "a1"
type = "long long[4]"
size = 0x20
addr = 0x8a3940
