last_change = 2024-06-28T11:25:13.997958Z
addr = 0x8ddd70
size = 0x55c

[stack_vars.-0x78]
last_change = 2024-06-28T11:25:13.997958Z
offset = -120
name = "var_68"
type = "long long[3]"
size = 0x18
addr = 0x8ddd70
