last_change = 2024-06-27T10:59:42.294971Z
addr = 0x8d3710
size = 0x61f

[stack_vars.-0x27c]
last_change = 2024-06-27T10:59:42.294971Z
offset = -636
name = "var_214"
type = "unsigned int"
size = 0x4
addr = 0x8d3710
