last_change = 2024-06-26T17:15:54.666638Z
addr = 0x8f1040
size = 0x41f

[stack_vars.-0x470]
last_change = 2024-06-26T17:15:54.666638Z
offset = -1136
name = "var_468"
type = "int[4]"
size = 0x10
addr = 0x8f1040
