last_change = 2024-06-28T11:25:17.277843Z
addr = 0x8fdd60
size = 0x345

[stack_vars.-0xb0]
last_change = 2024-06-28T11:25:17.277843Z
offset = -176
name = "a1"
type = "long long[3]"
size = 0x18
addr = 0x8fdd60
