last_change = 2024-06-26T17:15:54.665639Z
addr = 0x8f1040
size = 0x41f

[stack_vars.-0x3e0]
last_change = 2024-06-26T17:15:54.665639Z
offset = -992
name = "var_3D8"
type = "long long[2]"
size = 0x10
addr = 0x8f1040
