last_change = 2024-06-28T11:25:17.276839Z
addr = 0x8f9f00
size = 0x424

[stack_vars.-0xa8]
last_change = 2024-06-28T11:25:17.276839Z
offset = -168
name = "a1"
type = "long long[2]"
size = 0x10
addr = 0x8f9f00
