last_change = 2024-06-28T11:25:17.277843Z
addr = 0x8fb800
size = 0x166

[stack_vars.-0x48]
last_change = 2024-06-28T11:25:17.277843Z
offset = -72
name = "a1"
type = "long long[3]"
size = 0x18
addr = 0x8fb800
