last_change = 2024-06-26T17:15:54.665639Z
addr = 0x8f1040
size = 0x41f

[stack_vars.-0x418]
last_change = 2024-06-26T17:15:54.665639Z
offset = -1048
name = "var_410"
type = "__int128[2]"
size = 0x20
addr = 0x8f1040
