last_change = 2024-06-26T17:15:54.666638Z
addr = 0x9a0ee0
size = 0x1a3

[stack_vars.-0x1b8]
last_change = 2024-06-26T17:15:54.666638Z
offset = -440
name = "var_190"
type = "__int128[2]"
size = 0x20
addr = 0x9a0ee0
