last_change = 2024-06-28T11:25:17.279847Z
addr = 0xa45780
size = 0xfcc

[stack_vars.-0x250]
last_change = 2024-06-28T11:25:17.279847Z
offset = -592
name = "var_230"
type = "long long"
size = 0x8
addr = 0xa45780
