[metadata]
addr = 0xa45780
size = 0xfcc
last_change = 2024-06-25T14:11:13.239643Z

[header]
last_change = 2024-06-25T14:11:13.239643Z
name = "__ZN13BlockGraphics10initBlocksER19ResourcePackManagerRK11Experiments"
addr = 0xa45780
