last_change = 2024-06-28T11:25:17.282846Z
addr = 0xa66a20
size = 0x171

[stack_vars.-0x68]
last_change = 2024-06-28T11:25:17.282846Z
offset = -104
name = "var_48"
type = "long long[3]"
size = 0x18
addr = 0xa66a20
