last_change = 2024-06-28T11:25:17.283846Z
addr = 0xa70b60
size = 0x45a

[stack_vars.-0x118]
last_change = 2024-06-28T11:25:17.283846Z
offset = -280
name = "a1"
type = "long long[4]"
size = 0x20
addr = 0xa70b60
