last_change = 2024-06-28T11:25:17.282846Z
addr = 0xa7ee70
size = 0x487

[stack_vars.-0xe0]
last_change = 2024-06-28T11:25:17.282846Z
offset = -224
name = "var_98"
type = "long long"
size = 0x8
addr = 0xa7ee70
