last_change = 2024-06-28T11:25:17.283846Z
addr = 0xa7f790
size = 0x82

[stack_vars.-0x28]
last_change = 2024-06-28T11:25:17.283846Z
offset = -40
name = "var_28"
type = "long long[3]"
size = 0x18
addr = 0xa7f790
