last_change = 2024-06-28T11:25:18.816559Z
addr = 0xab7c40
size = 0x285

[stack_vars.-0x48]
last_change = 2024-06-28T11:25:18.816559Z
offset = -72
name = "a1"
type = "long long[3]"
size = 0x18
addr = 0xab7c40
