[metadata]
addr = 0xab8260
size = 0x255
last_change = 2024-06-27T20:29:38.264649Z

[header]
last_change = 2024-06-27T20:29:38.264649Z
name = "__ZNK20ArmorTrimTextureData25buildArmorTrimTexturePathEv"
addr = 0xab8260
