last_change = 2024-06-28T11:25:18.822067Z
addr = 0xb004b0
size = 0x17a

[stack_vars.-0x50]
last_change = 2024-06-28T11:25:18.822067Z
offset = -80
name = "a1"
type = "long long"
size = 0x8
addr = 0xb004b0
