last_change = 2024-06-28T11:25:18.819559Z
addr = 0xb00630
size = 0x1c2

[stack_vars.-0x88]
last_change = 2024-06-28T11:25:18.819559Z
offset = -136
name = "a1"
type = "long long"
size = 0x8
addr = 0xb00630
