last_change = 2024-06-28T11:25:18.824071Z
addr = 0xb0f0b0
size = 0x683

[stack_vars.-0xf8]
last_change = 2024-06-28T11:25:18.824071Z
offset = -248
name = "a1"
type = "long long"
size = 0x8
addr = 0xb0f0b0
