last_change = 2024-06-28T11:25:18.823071Z
addr = 0xb0ea50
size = 0x3e8

[stack_vars.-0x130]
last_change = 2024-06-28T11:25:18.823071Z
offset = -304
name = "a1"
type = "long long"
size = 0x8
addr = 0xb0ea50
