last_change = 2024-06-28T11:25:21.728953Z
addr = 0xb116b0
size = 0x5fb

[stack_vars.-0xa8]
last_change = 2024-06-28T11:25:21.728953Z
offset = -168
name = "var_80"
type = "long long[2]"
size = 0x10
addr = 0xb116b0
