last_change = 2024-06-28T11:25:21.725508Z
addr = 0xb107a0
size = 0x3fc

[stack_vars.-0xd8]
last_change = 2024-06-28T11:25:21.725508Z
offset = -216
name = "var_B0"
type = "long long[2]"
size = 0x10
addr = 0xb107a0
