[metadata]
addr = 0xb3bac0
size = 0x70
last_change = 2024-06-20T16:59:16.834710Z

[header]
last_change = 2024-06-20T16:59:16.834710Z
name = "__ZNK20MinecraftScreenModel23getMaxSimRadiusInChunksEv"
addr = 0xb3bac0
