last_change = 2024-06-28T11:25:21.727953Z
addr = 0xb89030
size = 0xbd3

[stack_vars.-0x100]
last_change = 2024-06-28T11:25:21.727953Z
offset = -256
name = "var_D0"
type = "long long[2]"
size = 0x10
addr = 0xb89030
