last_change = 2024-06-28T11:25:21.728953Z
addr = 0xb89030
size = 0xbd3

[stack_vars.-0xe0]
last_change = 2024-06-28T11:25:21.728953Z
offset = -224
name = "var_B0"
type = "long long[2]"
size = 0x10
addr = 0xb89030
