last_change = 2024-06-28T11:25:21.727953Z
addr = 0xb89c10
size = 0x2a9

[stack_vars.-0x78]
last_change = 2024-06-28T11:25:21.727953Z
offset = -120
name = "var_58"
type = "long long[2]"
size = 0x10
addr = 0xb89c10
