last_change = 2024-06-28T11:25:21.729952Z
addr = 0xb9f0d0
size = 0x899

[stack_vars.-0x280]
last_change = 2024-06-28T11:25:21.729952Z
offset = -640
name = "a1"
type = "long long"
size = 0x8
addr = 0xb9f0d0
