last_change = 2024-06-28T11:25:21.729952Z
addr = 0xbeed70
size = 0x235

[stack_vars.-0x60]
last_change = 2024-06-28T11:25:21.729952Z
offset = -96
name = "var_40"
type = "long long[3]"
size = 0x18
addr = 0xbeed70
