last_change = 2024-06-28T11:25:21.731953Z
addr = 0xbeed70
size = 0x235

[stack_vars.-0x60]
last_change = 2024-06-28T11:25:21.731953Z
offset = -96
name = "a1"
type = "long long[3]"
size = 0x18
addr = 0xbeed70
