last_change = 2024-06-28T11:25:21.729952Z
addr = 0xc0c460
size = 0x44e

[stack_vars.-0x200]
last_change = 2024-06-28T11:25:21.729952Z
offset = -512
name = "var_1D8"
type = "long long[3]"
size = 0x18
addr = 0xc0c460
