last_change = 2024-06-28T11:25:21.732953Z
addr = 0xc0c460
size = 0x44e

[stack_vars.-0x240]
last_change = 2024-06-28T11:25:21.732953Z
offset = -576
name = "var_218"
type = "long long"
size = 0x8
addr = 0xc0c460
