last_change = 2024-06-28T11:25:21.731953Z
addr = 0xc69660
size = 0xd75

[stack_vars.-0x68]
last_change = 2024-06-28T11:25:21.731953Z
offset = -104
name = "var_40"
type = "long long[2]"
size = 0x10
addr = 0xc69660
