last_change = 2024-06-28T11:25:21.726508Z
addr = 0xc99eb0
size = 0x7df

[stack_vars.-0x1f0]
last_change = 2024-06-28T11:25:21.726508Z
offset = -496
name = "a1"
type = "long long"
size = 0x8
addr = 0xc99eb0
