last_change = 2024-06-28T11:25:22.949884Z
addr = 0xc9cf70
size = 0x495

[stack_vars.-0x120]
last_change = 2024-06-28T11:25:22.949884Z
offset = -288
name = "var_98"
type = "long long"
size = 0x8
addr = 0xc9cf70
