last_change = 2024-06-28T11:25:22.950884Z
addr = 0xcddb20
size = 0x536

[stack_vars.-0xe0]
last_change = 2024-06-28T11:25:22.950884Z
offset = -224
name = "a1"
type = "long long[4]"
size = 0x20
addr = 0xcddb20
