last_change = 2024-06-28T11:25:22.950884Z
addr = 0xd83620
size = 0x22c

[stack_vars.-0x70]
last_change = 2024-06-28T11:25:22.950884Z
offset = -112
name = "var_60"
type = "long long[3]"
size = 0x18
addr = 0xd83620
