last_change = 2024-06-28T11:25:22.950884Z
addr = 0xd83280
size = 0x238

[stack_vars.-0x78]
last_change = 2024-06-28T11:25:22.950884Z
offset = -120
name = "var_60"
type = "long long[3]"
size = 0x18
addr = 0xd83280
