last_change = 2024-06-28T11:25:22.953219Z
addr = 0xddf960
size = 0x8cb

[stack_vars.-0x1f8]
last_change = 2024-06-28T11:25:22.953219Z
offset = -504
name = "a1"
type = "long long[3]"
size = 0x18
addr = 0xddf960
