last_change = 2024-06-28T11:25:22.951884Z
addr = 0xddf960
size = 0x8cb

[stack_vars.-0x1f8]
last_change = 2024-06-28T11:25:22.951884Z
offset = -504
name = "var_1E0"
type = "long long[3]"
size = 0x18
addr = 0xddf960
