last_change = 2024-06-28T11:25:22.954219Z
addr = 0xeab8b0
size = 0x695

[stack_vars.-0x80]
last_change = 2024-06-28T11:25:22.954219Z
offset = -128
name = "var_60"
type = "long long[2]"
size = 0x10
addr = 0xeab8b0
