last_change = 2024-06-28T11:25:22.953219Z
addr = 0xea7d30
size = 0x5be

[stack_vars.-0x80]
last_change = 2024-06-28T11:25:22.953219Z
offset = -128
name = "a1"
type = "long long[2]"
size = 0x10
addr = 0xea7d30
