last_change = 2024-06-26T17:15:54.667638Z
addr = 0xefe450
size = 0x1f9

[stack_vars.-0x178]
last_change = 2024-06-26T17:15:54.667638Z
offset = -376
name = "var_150"
type = "long long[2]"
size = 0x10
addr = 0xefe450
