last_change = 2024-06-26T17:15:54.666638Z
addr = 0xf01f90
size = 0x192

[stack_vars.-0x178]
last_change = 2024-06-26T17:15:54.666638Z
offset = -376
name = "a4"
type = "long long[2]"
size = 0x10
addr = 0xf01f90
