last_change = 2024-06-28T11:25:22.954219Z
addr = 0xfb8bd0
size = 0x2f2

[stack_vars.-0x78]
last_change = 2024-06-28T11:25:22.954219Z
offset = -120
name = "a1"
type = "long long"
size = 0x8
addr = 0xfb8bd0
