last_change = 2024-06-28T11:25:24.767907Z
addr = 0x10bdd60
size = 0x1b8

[stack_vars.-0x30]
last_change = 2024-06-28T11:25:24.767907Z
offset = -48
name = "var_30"
type = "long long[3]"
size = 0x18
addr = 0x10bdd60
