last_change = 2024-06-28T11:25:24.768907Z
addr = 0x10be0f0
size = 0x654

[stack_vars.-0x15a8]
last_change = 2024-06-28T11:25:24.768907Z
offset = -5544
name = "var_1580"
type = "long long[2]"
size = 0x10
addr = 0x10be0f0
