last_change = 2024-06-26T17:15:54.667638Z
addr = 0x113ba50
size = 0x8e1

[stack_vars.-0x260]
last_change = 2024-06-26T17:15:54.667638Z
offset = -608
name = "var_230"
type = "__int128"
size = 0x10
addr = 0x113ba50
