last_change = 2024-06-26T17:15:54.668638Z
addr = 0x113c5a0
size = 0x1e9

[stack_vars.-0x178]
last_change = 2024-06-26T17:15:54.668638Z
offset = -376
name = "var_158"
type = "long long[2]"
size = 0x10
addr = 0x113c5a0
