last_change = 2024-06-26T17:15:54.668638Z
addr = 0x113ba50
size = 0x8e1

[stack_vars.-0x390]
last_change = 2024-06-26T17:15:54.668638Z
offset = -912
name = "a5"
type = "long long"
size = 0x8
addr = 0x113ba50
