[metadata]
addr = 0x1136c40
size = 0xbf4
last_change = 2024-06-27T10:59:42.303454Z

[stack_vars.-0x350]
last_change = 2024-06-27T10:59:42.303454Z
offset = -848
name = "var_310"
type = "long long"
size = 0x8
addr = 0x1136c40
