last_change = 2024-06-26T17:15:54.667638Z
addr = 0x113c340
size = 0x253

[stack_vars.-0x1b0]
last_change = 2024-06-26T17:15:54.667638Z
offset = -432
name = "a4"
type = "__m256i"
size = 0x20
addr = 0x113c340
