last_change = 2024-06-26T17:15:54.667638Z
addr = 0x113c340
size = 0x253

[stack_vars.-0x1d0]
last_change = 2024-06-26T17:15:54.667638Z
offset = -464
name = "var_1A0"
type = "__int128[2]"
size = 0x20
addr = 0x113c340
