last_change = 2024-06-28T11:25:24.768907Z
addr = 0x114a9c0
size = 0x2f2

[stack_vars.-0x58]
last_change = 2024-06-28T11:25:24.768907Z
offset = -88
name = "var_50"
type = "__m128i"
size = 0x10
addr = 0x114a9c0
