last_change = 2024-06-28T11:25:24.770906Z
addr = 0x114c1a0
size = 0x325

[stack_vars.-0xb0]
last_change = 2024-06-28T11:25:24.770906Z
offset = -176
name = "a1"
type = "__m128i"
size = 0x10
addr = 0x114c1a0
