last_change = 2024-06-28T11:25:24.773907Z
addr = 0x11d0390
size = 0x1f0

[stack_vars.-0x48]
last_change = 2024-06-28T11:25:24.773907Z
offset = -72
name = "var_30"
type = "long long[3]"
size = 0x18
addr = 0x11d0390
