last_change = 2024-06-28T11:25:24.776424Z
addr = 0x11d1c70
size = 0x104

[stack_vars.-0x48]
last_change = 2024-06-28T11:25:24.776424Z
offset = -72
name = "var_38"
type = "long long[3]"
size = 0x18
addr = 0x11d1c70
