last_change = 2024-06-28T11:25:24.776424Z
addr = 0x1248e50
size = 0x4a0

[stack_vars.-0x168]
last_change = 2024-06-28T11:25:24.776424Z
offset = -360
name = "var_148"
type = "long long"
size = 0x8
addr = 0x1248e50
