last_change = 2024-06-28T11:25:24.777423Z
addr = 0x126b320
size = 0x67f

[stack_vars.-0x100]
last_change = 2024-06-28T11:25:24.777423Z
offset = -256
name = "a1"
type = "long long[4]"
size = 0x20
addr = 0x126b320
