last_change = 2024-06-28T11:25:24.778423Z
addr = 0x1274e00
size = 0x53a

[stack_vars.-0x98]
last_change = 2024-06-28T11:25:24.778423Z
offset = -152
name = "a1"
type = "long long[2]"
size = 0x10
addr = 0x1274e00
