last_change = 2024-06-28T11:25:26.868383Z
addr = 0x12e80e0
size = 0x3e1

[stack_vars.-0x178]
last_change = 2024-06-28T11:25:26.868383Z
offset = -376
name = "var_158"
type = "long long[3]"
size = 0x18
addr = 0x12e80e0
