last_change = 2024-06-28T11:25:26.872388Z
addr = 0x12f6500
size = 0xbda

[stack_vars.-0x120]
last_change = 2024-06-28T11:25:26.872388Z
offset = -288
name = "a1"
type = "long long[2]"
size = 0x10
addr = 0x12f6500
