last_change = 2024-06-28T11:25:26.872388Z
addr = 0x12f7200
size = 0x230c

[stack_vars.-0x2d8]
last_change = 2024-06-28T11:25:26.872388Z
offset = -728
name = "var_2B0"
type = "char[32]"
size = 0x20
addr = 0x12f7200
