last_change = 2024-06-28T11:25:26.874388Z
addr = 0x12f7200
size = 0x230c

[stack_vars.-0x5e8]
last_change = 2024-06-28T11:25:26.874388Z
offset = -1512
name = "var_5C0"
type = "long long[3]"
size = 0x18
addr = 0x12f7200
