last_change = 2024-06-28T11:25:26.873388Z
addr = 0x12f7200
size = 0x230c

[stack_vars.-0x608]
last_change = 2024-06-28T11:25:26.873388Z
offset = -1544
name = "var_5E0"
type = "long long[2]"
size = 0x10
addr = 0x12f7200
