last_change = 2024-06-28T11:25:26.876390Z
addr = 0x12f7200
size = 0x230c

[stack_vars.-0x148]
last_change = 2024-06-28T11:25:26.876390Z
offset = -328
name = "var_120"
type = "long long[2]"
size = 0x10
addr = 0x12f7200
