last_change = 2024-06-28T11:25:26.873388Z
addr = 0x12f7200
size = 0x230c

[stack_vars.-0x298]
last_change = 2024-06-28T11:25:26.873388Z
offset = -664
name = "var_270"
type = "char[32]"
size = 0x20
addr = 0x12f7200
