last_change = 2024-06-28T11:25:26.875389Z
addr = 0x12f7200
size = 0x230c

[stack_vars.-0x4c8]
last_change = 2024-06-28T11:25:26.875389Z
offset = -1224
name = "var_4A0"
type = "long long"
size = 0x8
addr = 0x12f7200
