last_change = 2024-06-28T11:25:26.870387Z
addr = 0x12f5d00
size = 0x7f2

[stack_vars.-0x120]
last_change = 2024-06-28T11:25:26.870387Z
offset = -288
name = "var_B8"
type = "long long[2]"
size = 0x10
addr = 0x12f5d00
