last_change = 2024-06-28T11:25:29.168147Z
addr = 0x1325db0
size = 0xc2e

[stack_vars.-0x228]
last_change = 2024-06-28T11:25:29.168147Z
offset = -552
name = "var_1F8"
type = "__int128"
size = 0x10
addr = 0x1325db0
