last_change = 2024-06-28T11:25:29.166148Z
addr = 0x1324200
size = 0x103

[stack_vars.-0x48]
last_change = 2024-06-28T11:25:29.166148Z
offset = -72
name = "var_30"
type = "long long[3]"
size = 0x18
addr = 0x1324200
