last_change = 2024-06-28T11:25:29.166148Z
addr = 0x1323bb0
size = 0x2ff

[stack_vars.-0x78]
last_change = 2024-06-28T11:25:29.166148Z
offset = -120
name = "var_60"
type = "long long[3]"
size = 0x18
addr = 0x1323bb0
