last_change = 2024-06-28T11:25:29.167148Z
addr = 0x1324390
size = 0x328

[stack_vars.-0x70]
last_change = 2024-06-28T11:25:29.167148Z
offset = -112
name = "var_50"
type = "long long[2]"
size = 0x10
addr = 0x1324390
