last_change = 2024-06-28T11:25:29.168147Z
addr = 0x1329840
size = 0x2fc

[stack_vars.-0xb0]
last_change = 2024-06-28T11:25:29.168147Z
offset = -176
name = "a1"
type = "long long[3]"
size = 0x18
addr = 0x1329840
