last_change = 2024-06-28T11:25:29.167148Z
addr = 0x1325db0
size = 0xc2e

[stack_vars.-0x248]
last_change = 2024-06-28T11:25:29.167148Z
offset = -584
name = "a1"
type = "long long[2]"
size = 0x10
addr = 0x1325db0
