last_change = 2024-06-28T11:25:29.168147Z
addr = 0x1358e30
size = 0x5f7

[stack_vars.-0xd8]
last_change = 2024-06-28T11:25:29.168147Z
offset = -216
name = "a1"
type = "long long[3]"
size = 0x18
addr = 0x1358e30
