last_change = 2024-06-26T17:15:54.670639Z
addr = 0x1356b10
size = 0x9af

[stack_vars.-0x650]
last_change = 2024-06-26T17:15:54.670639Z
offset = -1616
name = "var_630"
type = "__int128"
size = 0x10
addr = 0x1356b10
