last_change = 2024-06-28T11:25:29.168147Z
addr = 0x135b0c0
size = 0xccf

[stack_vars.-0x268]
last_change = 2024-06-28T11:25:29.168147Z
offset = -616
name = "var_260"
type = "long long[2]"
size = 0x10
addr = 0x135b0c0
