last_change = 2024-07-16T18:39:55.229530Z
addr = 0x1353c00
size = 0xd6

[header]
last_change = 2024-07-16T18:39:55.229530Z
addr = 0x1353c00

[header.args.0x0]
offset = 0x0
type = "long long"
size = 0x8
