last_change = 2024-06-26T17:15:54.668638Z
addr = 0x1388300
size = 0x485

[stack_vars.-0x218]
last_change = 2024-06-26T17:15:54.668638Z
offset = -536
name = "a4"
type = "long long[2]"
size = 0x10
addr = 0x1388300
