last_change = 2024-06-26T17:15:54.669638Z
addr = 0x1388300
size = 0x485

[stack_vars.-0x238]
last_change = 2024-06-26T17:15:54.669638Z
offset = -568
name = "var_230"
type = "__int128[2]"
size = 0x20
addr = 0x1388300
