last_change = 2024-06-26T17:15:54.669638Z
addr = 0x138a720
size = 0x74b

[stack_vars.-0x548]
last_change = 2024-06-26T17:15:54.669638Z
offset = -1352
name = "var_540"
type = "__int128[2]"
size = 0x20
addr = 0x138a720
