last_change = 2024-06-26T17:15:54.669638Z
addr = 0x138a720
size = 0x74b

[stack_vars.-0x668]
last_change = 2024-06-26T17:15:54.669638Z
offset = -1640
name = "a5"
type = "long long"
size = 0x8
addr = 0x138a720
