last_change = 2024-06-26T17:15:54.669638Z
addr = 0x138a720
size = 0x74b

[stack_vars.-0x2d8]
last_change = 2024-06-26T17:15:54.669638Z
offset = -728
name = "var_2D0"
type = "int[136]"
size = 0x220
addr = 0x138a720
