last_change = 2024-06-26T17:15:54.670639Z
addr = 0x1399170
size = 0x7a2

[stack_vars.-0x2e8]
last_change = 2024-06-26T17:15:54.670639Z
offset = -744
name = "a1"
type = "int[136]"
size = 0x220
addr = 0x1399170
