[metadata]
addr = 0x13afc50
size = 0x1346
last_change = 2024-06-26T20:44:14.679816Z

[stack_vars.-0x5c0]
last_change = 2024-06-26T20:44:14.679816Z
offset = -1472
name = "var_550"
type = "long long"
size = 0x8
addr = 0x13afc50
