[metadata]
addr = 0x13afc50
size = 0x1346
last_change = 2024-06-26T20:44:14.679816Z

[stack_vars.-0x5e0]
last_change = 2024-06-26T20:44:14.679816Z
offset = -1504
name = "var_570"
type = "_QWORD *"
size = 0x8
addr = 0x13afc50
