[metadata]
addr = 0x13b15b0
size = 0x2e7
last_change = 2024-06-26T20:44:14.679816Z

[stack_vars.-0xc8]
last_change = 2024-06-26T20:44:14.679816Z
offset = -200
name = "a3"
type = "__int128"
size = 0x10
addr = 0x13b15b0
