[metadata]
addr = 0x13b15b0
size = 0x2e7
last_change = 2024-06-27T20:50:59.056264Z

[header]
last_change = 2024-06-27T20:50:59.056264Z
name = "__ZN13LevelRenderer6reinitERKN3gsl8not_nullIN7Bedrock15NonOwnerPointerIK12TextureAtlasEEEERKNS1_INS3_I13GeometryGroupEEEERKNS1_INS3_IK28ActorResourceDefinitionGroupEEEE"
addr = 0x13b15b0

[stack_vars.-0xc8]
last_change = 2024-06-26T20:44:14.679816Z
offset = -200
name = "var_C0"
type = "__int128"
size = 0x10
addr = 0x13b15b0
