last_change = 2024-06-26T16:47:02.482822Z
addr = 0x13bbc60
size = 0x2f4

[stack_vars.-0xb8]
last_change = 2024-06-26T16:47:02.482822Z
offset = -184
name = "var_B0"
type = "long long"
size = 0x8
addr = 0x13bbc60
