last_change = 2024-06-26T17:15:54.670639Z
addr = 0x13e08f0
size = 0x3e5

[stack_vars.-0x1b8]
last_change = 2024-06-26T17:15:54.670639Z
offset = -440
name = "var_1A0"
type = "long long[2]"
size = 0x10
addr = 0x13e08f0
