last_change = 2024-06-26T17:15:54.670639Z
addr = 0x13e08f0
size = 0x3e5

[stack_vars.-0x1d8]
last_change = 2024-06-26T17:15:54.670639Z
offset = -472
name = "var_1C0"
type = "__int128[2]"
size = 0x20
addr = 0x13e08f0
