last_change = 2024-06-26T17:15:54.672142Z
addr = 0x13f9640
size = 0x1d4

[stack_vars.-0x468]
last_change = 2024-06-26T17:15:54.672142Z
offset = -1128
name = "a5"
type = "long long"
size = 0x8
addr = 0x13f9640
