last_change = 2024-06-26T17:15:54.670639Z
addr = 0x13f9640
size = 0x1d4

[stack_vars.-0x3a8]
last_change = 2024-06-26T17:15:54.670639Z
offset = -936
name = "var_3A0"
type = "long long[4]"
size = 0x20
addr = 0x13f9640
