last_change = 2024-06-26T17:15:54.672142Z
addr = 0x13f9170
size = 0x1e5

[stack_vars.-0x438]
last_change = 2024-06-26T17:15:54.672142Z
offset = -1080
name = "a5"
type = "long long"
size = 0x8
addr = 0x13f9170
