last_change = 2024-06-26T17:15:54.672142Z
addr = 0x13f9da0
size = 0x2bd

[stack_vars.-0x178]
last_change = 2024-06-26T17:15:54.672142Z
offset = -376
name = "var_158"
type = "long long[2]"
size = 0x10
addr = 0x13f9da0
