last_change = 2024-06-26T17:06:56.883174Z
addr = 0x13f7720
size = 0x95c

[stack_vars.-0x4f0]
last_change = 2024-06-26T17:06:56.883174Z
offset = -1264
name = "a3"
type = "long long"
size = 0x8
addr = 0x13f7720
