[metadata]
addr = 0x13f9640
size = 0x1d4
last_change = 2024-06-27T11:02:24.584908Z

[header]
last_change = 2024-06-27T11:02:24.584908Z
addr = 0x13f9640
type = "void"
