last_change = 2024-06-26T16:40:31.610381Z
addr = 0x13f7720
size = 0x95c

[stack_vars.-0x4f0]
last_change = 2024-06-26T16:40:31.610381Z
offset = -1264
name = "var_4C8"
type = "long long"
size = 0x8
addr = 0x13f7720
