last_change = 2024-06-26T17:15:54.670639Z
addr = 0x13f9170
size = 0x1e5

[stack_vars.-0x3a8]
last_change = 2024-06-26T17:15:54.670639Z
offset = -936
name = "var_3A0"
type = "long long[40]"
size = 0x140
addr = 0x13f9170
