last_change = 2024-06-26T17:15:54.672142Z
addr = 0x141adb0
size = 0xf2c

[stack_vars.-0x458]
last_change = 2024-06-26T17:15:54.672142Z
offset = -1112
name = "a1"
type = "int[2]"
size = 0x8
addr = 0x141adb0
