last_change = 2024-06-26T17:15:54.674146Z
addr = 0x141bce0
size = 0x47c

[stack_vars.-0x4d8]
last_change = 2024-06-26T17:15:54.674146Z
offset = -1240
name = "var_490"
type = "long long[40]"
size = 0x140
addr = 0x141bce0
