last_change = 2024-06-26T17:15:54.672142Z
addr = 0x141adb0
size = 0xf2c

[stack_vars.-0x4b8]
last_change = 2024-06-26T17:15:54.672142Z
offset = -1208
name = "a7"
type = "long long"
size = 0x8
addr = 0x141adb0
