last_change = 2024-06-26T17:15:54.673146Z
addr = 0x141adb0
size = 0xf2c

[stack_vars.-0x208]
last_change = 2024-06-26T17:15:54.673146Z
offset = -520
name = "var_1E0"
type = "__int128"
size = 0x10
addr = 0x141adb0
