[metadata]
addr = 0x1413250
size = 0xe4
last_change = 2024-06-26T20:42:34.729011Z

[header]
last_change = 2024-06-26T20:42:34.729011Z
addr = 0x1413250
type = "long long *"
