last_change = 2024-06-26T17:15:54.673146Z
addr = 0x141adb0
size = 0xf2c

[stack_vars.-0x4c8]
last_change = 2024-06-26T17:15:54.673146Z
offset = -1224
name = "a5"
type = "long long"
size = 0x8
addr = 0x141adb0
