[metadata]
addr = 0x1413d70
size = 0x10c
last_change = 2024-06-26T20:46:48.234524Z

[header]
last_change = 2024-06-26T20:46:48.234524Z
addr = 0x1413d70
type = "long long *"
