last_change = 2024-06-28T11:25:31.344494Z
addr = 0x1437f00
size = 0x1524

[stack_vars.-0x300]
last_change = 2024-06-28T11:25:31.344494Z
offset = -768
name = "a1"
type = "long long[3]"
size = 0x18
addr = 0x1437f00
