last_change = 2024-06-28T11:25:29.170147Z
addr = 0x14357b0
size = 0x9fd

[stack_vars.-0x111]
last_change = 2024-06-28T11:25:29.170147Z
offset = -273
name = "a1"
type = "long long[3]"
size = 0x18
addr = 0x14357b0
