last_change = 2024-06-28T11:25:29.169148Z
addr = 0x14357b0
size = 0x9fd

[stack_vars.-0x111]
last_change = 2024-06-28T11:25:29.169148Z
offset = -273
name = "var_A0"
type = "long long[3]"
size = 0x18
addr = 0x14357b0
