last_change = 2024-06-28T11:25:31.344494Z
addr = 0x14418d0
size = 0x2e8

[stack_vars.-0x98]
last_change = 2024-06-28T11:25:31.344494Z
offset = -152
name = "var_48"
type = "long long[3]"
size = 0x18
addr = 0x14418d0
