last_change = 2024-06-28T11:25:31.343494Z
addr = 0x1473c40
size = 0x12b

[stack_vars.-0x58]
last_change = 2024-06-28T11:25:31.343494Z
offset = -88
name = "var_38"
type = "long long[3]"
size = 0x18
addr = 0x1473c40
