last_change = 2024-06-28T11:25:31.345997Z
addr = 0x14cfed0
size = 0x31d

[stack_vars.-0xa8]
last_change = 2024-06-28T11:25:31.345997Z
offset = -168
name = "a1"
type = "long long[3]"
size = 0x18
addr = 0x14cfed0
