last_change = 2024-06-28T11:25:31.345997Z
addr = 0x14d01f0
size = 0x261

[stack_vars.-0xa0]
last_change = 2024-06-28T11:25:31.345997Z
offset = -160
name = "a1"
type = "long long[3]"
size = 0x18
addr = 0x14d01f0
