last_change = 2024-06-28T11:25:31.344494Z
addr = 0x14f06b0
size = 0x299

[stack_vars.-0x130]
last_change = 2024-06-28T11:25:31.344494Z
offset = -304
name = "a1"
type = "long long[2]"
size = 0x10
addr = 0x14f06b0
