last_change = 2024-06-28T11:25:31.347002Z
addr = 0x14f0c40
size = 0x172

[stack_vars.-0x100]
last_change = 2024-06-28T11:25:31.347002Z
offset = -256
name = "a1"
type = "long long[2]"
size = 0x10
addr = 0x14f0c40
