last_change = 2024-06-28T11:25:31.344494Z
addr = 0x14f0c40
size = 0x172

[stack_vars.-0x100]
last_change = 2024-06-28T11:25:31.344494Z
offset = -256
name = "var_E0"
type = "long long[2]"
size = 0x10
addr = 0x14f0c40
