last_change = 2024-06-28T11:25:31.345997Z
addr = 0x15260c0
size = 0x150

[stack_vars.-0x58]
last_change = 2024-06-28T11:25:31.345997Z
offset = -88
name = "a1"
type = "long long[3]"
size = 0x18
addr = 0x15260c0
