last_change = 2024-06-28T11:25:31.350001Z
addr = 0x1546fa0
size = 0xd0

[stack_vars.-0x38]
last_change = 2024-06-28T11:25:31.350001Z
offset = -56
name = "a1"
type = "long long[3]"
size = 0x18
addr = 0x1546fa0
