last_change = 2024-06-28T11:25:31.347002Z
addr = 0x1546b80
size = 0x11f

[stack_vars.-0x58]
last_change = 2024-06-28T11:25:31.347002Z
offset = -88
name = "var_58"
type = "long long[3]"
size = 0x18
addr = 0x1546b80
