last_change = 2024-06-28T11:25:31.348002Z
addr = 0x1546d50
size = 0xed

[stack_vars.-0x38]
last_change = 2024-06-28T11:25:31.348002Z
offset = -56
name = "a1"
type = "long long[3]"
size = 0x18
addr = 0x1546d50
