last_change = 2024-06-28T11:25:31.350001Z
addr = 0x1550e70
size = 0x1af

[stack_vars.-0x78]
last_change = 2024-06-28T11:25:31.350001Z
offset = -120
name = "var_58"
type = "long long[2]"
size = 0x10
addr = 0x1550e70
