last_change = 2024-06-28T11:25:31.350001Z
addr = 0x1562080
size = 0x1f2

[stack_vars.-0x60]
last_change = 2024-06-28T11:25:31.350001Z
offset = -96
name = "var_38"
type = "long long[2]"
size = 0x10
addr = 0x1562080
