last_change = 2024-06-28T11:25:31.350001Z
addr = 0x1579ac0
size = 0x30e

[stack_vars.-0xa0]
last_change = 2024-06-28T11:25:31.350001Z
offset = -160
name = "a1"
type = "long long[3]"
size = 0x18
addr = 0x1579ac0
