last_change = 2024-06-28T11:25:31.353002Z
addr = 0x157ba70
size = 0x190

[stack_vars.-0x50]
last_change = 2024-06-28T11:25:31.353002Z
offset = -80
name = "var_38"
type = "long long[3]"
size = 0x18
addr = 0x157ba70
