last_change = 2024-06-28T11:25:33.841193Z
addr = 0x161d3b0
size = 0x11f

[stack_vars.-0xa4]
last_change = 2024-06-28T11:25:33.841193Z
offset = -164
name = "a1"
type = "long long[4]"
size = 0x20
addr = 0x161d3b0
