last_change = 2024-06-28T11:25:33.844194Z
addr = 0x16aa130
size = 0x1b7

[stack_vars.-0x90]
last_change = 2024-06-28T11:25:33.844194Z
offset = -144
name = "a1"
type = "long long[3]"
size = 0x18
addr = 0x16aa130
