last_change = 2024-06-28T11:25:33.843195Z
addr = 0x16bbce0
size = 0x207

[stack_vars.-0x140]
last_change = 2024-06-28T11:25:33.843195Z
offset = -320
name = "a1"
type = "long long[3]"
size = 0x18
addr = 0x16bbce0
