last_change = 2024-06-28T11:25:33.846238Z
addr = 0x16bd830
size = 0xbc3

[stack_vars.-0x190]
last_change = 2024-06-28T11:25:33.846238Z
offset = -400
name = "var_168"
type = "long long[3]"
size = 0x18
addr = 0x16bd830
