last_change = 2024-06-28T11:25:33.843195Z
addr = 0x16be840
size = 0x1fe

[stack_vars.-0x88]
last_change = 2024-06-28T11:25:33.843195Z
offset = -136
name = "var_70"
type = "long long[3]"
size = 0x18
addr = 0x16be840
