last_change = 2024-06-28T11:25:33.842194Z
addr = 0x16ba7a0
size = 0x138a

[stack_vars.-0x9b8]
last_change = 2024-06-28T11:25:33.842194Z
offset = -2488
name = "var_978"
type = "__int128"
size = 0x10
addr = 0x16ba7a0
