last_change = 2024-06-28T11:25:33.845195Z
addr = 0x16ba7a0
size = 0x138a

[stack_vars.-0x9f0]
last_change = 2024-06-28T11:25:33.845195Z
offset = -2544
name = "a1"
type = "long long[2]"
size = 0x10
addr = 0x16ba7a0
