last_change = 2024-06-28T11:25:33.844194Z
addr = 0x16c0070
size = 0xa23

[stack_vars.-0x5b0]
last_change = 2024-06-28T11:25:33.844194Z
offset = -1456
name = "var_590"
type = "long long[2]"
size = 0x10
addr = 0x16c0070
