last_change = 2024-06-28T11:25:33.846238Z
addr = 0x16c3240
size = 0x78

[stack_vars.-0x28]
last_change = 2024-06-28T11:25:33.846238Z
offset = -40
name = "a1"
type = "long long[3]"
size = 0x18
addr = 0x16c3240
