last_change = 2024-06-28T11:25:36.155335Z
addr = 0x17875f0
size = 0x220

[stack_vars.-0x80]
last_change = 2024-06-28T11:25:36.155335Z
offset = -128
name = "a1"
type = "long long[2]"
size = 0x10
addr = 0x17875f0
