last_change = 2024-06-28T11:25:36.153334Z
addr = 0x19bb600
size = 0x148

[stack_vars.-0x48]
last_change = 2024-06-28T11:25:36.153334Z
offset = -72
name = "a1"
type = "long long[3]"
size = 0x18
addr = 0x19bb600
