last_change = 2024-06-28T11:25:36.156335Z
addr = 0x1a2edc0
size = 0x622

[stack_vars.-0x80]
last_change = 2024-06-28T11:25:36.156335Z
offset = -128
name = "var_58"
type = "long long[2]"
size = 0x10
addr = 0x1a2edc0
