last_change = 2024-06-28T11:25:36.155335Z
addr = 0x1a2e740
size = 0x433

[stack_vars.-0x148]
last_change = 2024-06-28T11:25:36.155335Z
offset = -328
name = "var_120"
type = "long long"
size = 0x8
addr = 0x1a2e740
