last_change = 2024-06-28T11:25:36.157334Z
addr = 0x1a2edc0
size = 0x622

[stack_vars.-0x80]
last_change = 2024-06-28T11:25:36.157334Z
offset = -128
name = "a1"
type = "long long[2]"
size = 0x10
addr = 0x1a2edc0
