last_change = 2024-06-28T11:25:36.156335Z
addr = 0x1a44ee0
size = 0x375

[stack_vars.-0x460]
last_change = 2024-06-28T11:25:36.156335Z
offset = -1120
name = "a1"
type = "long long[3]"
size = 0x18
addr = 0x1a44ee0
