last_change = 2024-06-28T11:25:36.155335Z
addr = 0x1a44ee0
size = 0x375

[stack_vars.-0x4c0]
last_change = 2024-06-28T11:25:36.155335Z
offset = -1216
name = "var_4A0"
type = "__int128"
size = 0x10
addr = 0x1a44ee0
