last_change = 2024-06-28T11:25:36.158334Z
addr = 0x1a77ae0
size = 0x16e

[stack_vars.-0x38]
last_change = 2024-06-28T11:25:36.158334Z
offset = -56
name = "a1"
type = "long long[3]"
size = 0x18
addr = 0x1a77ae0
