last_change = 2024-06-28T11:25:36.159334Z
addr = 0x1a7b7a0
size = 0x56f

[stack_vars.-0x50]
last_change = 2024-06-28T11:25:36.159334Z
offset = -80
name = "var_38"
type = "long long[3]"
size = 0x18
addr = 0x1a7b7a0
