last_change = 2024-06-28T11:25:36.158334Z
addr = 0x1a7dcb0
size = 0xb14

[stack_vars.-0x3d8]
last_change = 2024-06-28T11:25:36.158334Z
offset = -984
name = "a1"
type = "long long[2]"
size = 0x10
addr = 0x1a7dcb0
