last_change = 2024-06-28T11:25:38.195929Z
addr = 0x1ad19b0
size = 0x22d

[stack_vars.-0x90]
last_change = 2024-06-28T11:25:38.195929Z
offset = -144
name = "a1"
type = "long long[2]"
size = 0x10
addr = 0x1ad19b0
