last_change = 2024-06-28T11:25:38.198930Z
addr = 0x1b0f9c0
size = 0x381

[stack_vars.-0xc0]
last_change = 2024-06-28T11:25:38.198930Z
offset = -192
name = "var_90"
type = "long long[3]"
size = 0x18
addr = 0x1b0f9c0
