last_change = 2024-06-28T11:25:38.197930Z
addr = 0x1b0f9c0
size = 0x381

[stack_vars.-0xa0]
last_change = 2024-06-28T11:25:38.197930Z
offset = -160
name = "var_70"
type = "long long"
size = 0x8
addr = 0x1b0f9c0
