last_change = 2024-06-28T11:25:38.197930Z
addr = 0x1b0e980
size = 0x484

[stack_vars.-0xd8]
last_change = 2024-06-28T11:25:38.197930Z
offset = -216
name = "a1"
type = "long long[3]"
size = 0x18
addr = 0x1b0e980
