last_change = 2024-06-28T11:25:38.198930Z
addr = 0x1b18430
size = 0x12d

[stack_vars.-0xb0]
last_change = 2024-06-28T11:25:38.198930Z
offset = -176
name = "a1"
type = "long long[3]"
size = 0x18
addr = 0x1b18430
