last_change = 2024-06-28T11:25:38.198930Z
addr = 0x1b2a1e0
size = 0x3d9

[stack_vars.-0x70]
last_change = 2024-06-28T11:25:38.198930Z
offset = -112
name = "a1"
type = "long long[2]"
size = 0x10
addr = 0x1b2a1e0
