last_change = 2024-06-28T11:25:38.204062Z
addr = 0x1b30600
size = 0x133

[stack_vars.-0xc0]
last_change = 2024-06-28T11:25:38.204062Z
offset = -192
name = "a1"
type = "long long[2]"
size = 0x10
addr = 0x1b30600
