last_change = 2024-06-28T11:25:38.202930Z
addr = 0x1b30600
size = 0x133

[stack_vars.-0xc0]
last_change = 2024-06-28T11:25:38.202930Z
offset = -192
name = "var_A8"
type = "long long[2]"
size = 0x10
addr = 0x1b30600
