last_change = 2024-06-28T11:25:38.206062Z
addr = 0x1b32920
size = 0x5b8

[stack_vars.-0x190]
last_change = 2024-06-28T11:25:38.206062Z
offset = -400
name = "a1"
type = "long long[2]"
size = 0x10
addr = 0x1b32920
