last_change = 2024-06-28T11:25:38.204062Z
addr = 0x1b30740
size = 0x102

[stack_vars.-0xc0]
last_change = 2024-06-28T11:25:38.204062Z
offset = -192
name = "var_A0"
type = "long long"
size = 0x8
addr = 0x1b30740
