last_change = 2024-06-28T11:25:38.205062Z
addr = 0x1b32230
size = 0x6e9

[stack_vars.-0x230]
last_change = 2024-06-28T11:25:38.205062Z
offset = -560
name = "var_1F0"
type = "long long[2]"
size = 0x10
addr = 0x1b32230
