last_change = 2024-06-28T11:25:53.857447Z
addr = 0x1b36b20
size = 0x272

[stack_vars.-0xc0]
last_change = 2024-06-28T11:25:53.857447Z
offset = -192
name = "var_A8"
type = "long long"
size = 0x8
addr = 0x1b36b20
