last_change = 2024-06-28T11:25:38.201929Z
addr = 0x1b30000
size = 0x2c9

[stack_vars.-0x1b8]
last_change = 2024-06-28T11:25:38.201929Z
offset = -440
name = "var_1B0"
type = "long long"
size = 0x8
addr = 0x1b30000
