last_change = 2024-06-28T11:25:53.858879Z
addr = 0x1b4e650
size = 0x587

[stack_vars.-0x228]
last_change = 2024-06-28T11:25:53.858879Z
offset = -552
name = "var_218"
type = "long long[3]"
size = 0x18
addr = 0x1b4e650
