last_change = 2024-06-28T11:25:53.856447Z
addr = 0x1b41a80
size = 0x24d

[stack_vars.-0x88]
last_change = 2024-06-28T11:25:53.856447Z
offset = -136
name = "var_50"
type = "long long[3]"
size = 0x18
addr = 0x1b41a80
