last_change = 2024-06-28T11:25:53.859880Z
addr = 0x1b519c0
size = 0x14f

[stack_vars.-0x48]
last_change = 2024-06-28T11:25:53.859880Z
offset = -72
name = "a1"
type = "long long[3]"
size = 0x18
addr = 0x1b519c0
