last_change = 2024-06-28T11:25:53.860880Z
addr = 0x1c0b220
size = 0x7c1

[stack_vars.-0x230]
last_change = 2024-06-28T11:25:53.860880Z
offset = -560
name = "a1"
type = "long long"
size = 0x8
addr = 0x1c0b220
