last_change = 2024-06-28T11:25:53.861880Z
addr = 0x1c323e0
size = 0xf5bc

[stack_vars.-0x81a8]
last_change = 2024-06-28T11:25:53.861880Z
offset = -33192
name = "var_8180"
type = "char[32]"
size = 0x20
addr = 0x1c323e0
