last_change = 2024-06-28T11:25:53.863879Z
addr = 0x1c52b10
size = 0x6f4

[stack_vars.-0x358]
last_change = 2024-06-28T11:25:53.863879Z
offset = -856
name = "a1"
type = "long long[3]"
size = 0x18
addr = 0x1c52b10
