last_change = 2024-06-28T11:25:53.863879Z
addr = 0x1c85b60
size = 0xc14

[stack_vars.-0x180]
last_change = 2024-06-28T11:25:53.863879Z
offset = -384
name = "a1"
type = "long long[2]"
size = 0x10
addr = 0x1c85b60
