last_change = 2024-06-28T11:25:53.865879Z
addr = 0x1cd5480
size = 0x141

[stack_vars.-0x60]
last_change = 2024-06-28T11:25:53.865879Z
offset = -96
name = "a1"
type = "long long[3]"
size = 0x18
addr = 0x1cd5480
