last_change = 2024-06-28T11:25:53.865879Z
addr = 0x1ce5730
size = 0x35e

[stack_vars.-0x90]
last_change = 2024-06-28T11:25:53.865879Z
offset = -144
name = "var_40"
type = "long long[2]"
size = 0x10
addr = 0x1ce5730
