last_change = 2024-06-28T11:25:57.299934Z
addr = 0x1cf8fe0
size = 0x120c

[stack_vars.-0x450]
last_change = 2024-06-28T11:25:57.299934Z
offset = -1104
name = "var_448"
type = "__m256i"
size = 0x20
addr = 0x1cf8fe0
