last_change = 2024-06-28T11:25:55.435742Z
addr = 0x1cf2780
size = 0x2e1

[stack_vars.-0x88]
last_change = 2024-06-28T11:25:55.435742Z
offset = -136
name = "var_80"
type = "long long[2]"
size = 0x10
addr = 0x1cf2780
