last_change = 2024-06-28T11:25:57.289422Z
addr = 0x1cf5500
size = 0x116

[stack_vars.-0xb8]
last_change = 2024-06-28T11:25:57.289422Z
offset = -184
name = "var_A0"
type = "long long"
size = 0x8
addr = 0x1cf5500
