last_change = 2024-06-28T11:25:57.289422Z
addr = 0x1cf4f40
size = 0x10c

[stack_vars.-0xa0]
last_change = 2024-06-28T11:25:57.289422Z
offset = -160
name = "var_A0"
type = "long long"
size = 0x8
addr = 0x1cf4f40
