last_change = 2024-06-28T11:25:57.289422Z
addr = 0x1cf5050
size = 0x128

[stack_vars.-0xc0]
last_change = 2024-06-28T11:25:57.289422Z
offset = -192
name = "a1"
type = "long long"
size = 0x8
addr = 0x1cf5050
