last_change = 2024-06-28T11:25:57.294936Z
addr = 0x1cf59e0
size = 0x153

[stack_vars.-0xb0]
last_change = 2024-06-28T11:25:57.294936Z
offset = -176
name = "a1"
type = "long long"
size = 0x8
addr = 0x1cf59e0
