last_change = 2024-06-28T11:25:57.296935Z
addr = 0x1cf51c0
size = 0x13f

[stack_vars.-0xc0]
last_change = 2024-06-28T11:25:57.296935Z
offset = -192
name = "a1"
type = "long long[2]"
size = 0x10
addr = 0x1cf51c0
