last_change = 2024-06-28T11:25:53.867382Z
addr = 0x1cf1560
size = 0x147

[stack_vars.-0xc8]
last_change = 2024-06-28T11:25:53.867382Z
offset = -200
name = "var_B0"
type = "long long"
size = 0x8
addr = 0x1cf1560
