last_change = 2024-06-28T11:25:57.300935Z
addr = 0x1cf5b40
size = 0x11c

[stack_vars.-0xc0]
last_change = 2024-06-28T11:25:57.300935Z
offset = -192
name = "a1"
type = "long long"
size = 0x8
addr = 0x1cf5b40
