last_change = 2024-06-28T11:25:55.442246Z
addr = 0x1cf4ca0
size = 0x13e

[stack_vars.-0xb0]
last_change = 2024-06-28T11:25:55.442246Z
offset = -176
name = "var_B0"
type = "long long"
size = 0x8
addr = 0x1cf4ca0
