last_change = 2024-06-28T11:25:55.444257Z
addr = 0x1cf4720
size = 0xfd

[stack_vars.-0xa0]
last_change = 2024-06-28T11:25:55.444257Z
offset = -160
name = "a1"
type = "long long"
size = 0x8
addr = 0x1cf4720
