last_change = 2024-06-28T11:25:55.436742Z
addr = 0x1cf2f00
size = 0xfd

[stack_vars.-0xa0]
last_change = 2024-06-28T11:25:55.436742Z
offset = -160
name = "a1"
type = "long long"
size = 0x8
addr = 0x1cf2f00
