last_change = 2024-06-28T11:25:55.442246Z
addr = 0x1cf4720
size = 0xfd

[stack_vars.-0xa0]
last_change = 2024-06-28T11:25:55.442246Z
offset = -160
name = "var_A0"
type = "long long"
size = 0x8
addr = 0x1cf4720
