last_change = 2024-06-28T11:25:57.290926Z
addr = 0x1cf5880
size = 0x153

[stack_vars.-0xb0]
last_change = 2024-06-28T11:25:57.290926Z
offset = -176
name = "var_98"
type = "long long"
size = 0x8
addr = 0x1cf5880
