last_change = 2024-06-28T11:25:55.434742Z
addr = 0x1cf2630
size = 0x145

[stack_vars.-0xd8]
last_change = 2024-06-28T11:25:55.434742Z
offset = -216
name = "var_D8"
type = "long long[2]"
size = 0x10
addr = 0x1cf2630
