last_change = 2024-06-28T11:25:55.432738Z
addr = 0x1cf1c90
size = 0x261

[stack_vars.-0x120]
last_change = 2024-06-28T11:25:55.432738Z
offset = -288
name = "var_118"
type = "long long"
size = 0x8
addr = 0x1cf1c90
