last_change = 2024-06-28T11:25:55.434742Z
addr = 0x1cf2a70
size = 0x132

[stack_vars.-0xb8]
last_change = 2024-06-28T11:25:55.434742Z
offset = -184
name = "var_A0"
type = "long long"
size = 0x8
addr = 0x1cf2a70
