last_change = 2024-06-28T11:25:55.430232Z
addr = 0x1cf16b0
size = 0x13b

[stack_vars.-0xc8]
last_change = 2024-06-28T11:25:55.430232Z
offset = -200
name = "a1"
type = "long long"
size = 0x8
addr = 0x1cf16b0
