last_change = 2024-06-28T11:25:55.437742Z
addr = 0x1cf31a0
size = 0x107

[stack_vars.-0xc0]
last_change = 2024-06-28T11:25:55.437742Z
offset = -192
name = "a1"
type = "long long"
size = 0x8
addr = 0x1cf31a0
