last_change = 2024-06-28T11:25:55.432738Z
addr = 0x1cf1f40
size = 0x2bb

[stack_vars.-0x120]
last_change = 2024-06-28T11:25:55.432738Z
offset = -288
name = "var_100"
type = "long long[2]"
size = 0x10
addr = 0x1cf1f40
