last_change = 2024-06-28T11:25:55.443251Z
addr = 0x1cf4de0
size = 0x157

[stack_vars.-0xb8]
last_change = 2024-06-28T11:25:55.443251Z
offset = -184
name = "a1"
type = "long long[3]"
size = 0x18
addr = 0x1cf4de0
