last_change = 2024-06-28T11:25:55.432738Z
addr = 0x1cf23a0
size = 0x28a

[stack_vars.-0x158]
last_change = 2024-06-28T11:25:55.432738Z
offset = -344
name = "var_138"
type = "long long[2]"
size = 0x10
addr = 0x1cf23a0
