last_change = 2024-06-28T11:25:55.438741Z
addr = 0x1cf3890
size = 0x2b9

[stack_vars.-0x140]
last_change = 2024-06-28T11:25:55.438741Z
offset = -320
name = "a1"
type = "long long[2]"
size = 0x10
addr = 0x1cf3890
