last_change = 2024-06-28T11:25:55.440742Z
addr = 0x1cf4010
size = 0x26f

[stack_vars.-0x128]
last_change = 2024-06-28T11:25:55.440742Z
offset = -296
name = "a1"
type = "long long"
size = 0x8
addr = 0x1cf4010
