last_change = 2024-06-28T11:25:55.439744Z
addr = 0x1cf3890
size = 0x2b9

[stack_vars.-0x140]
last_change = 2024-06-28T11:25:55.439744Z
offset = -320
name = "var_120"
type = "long long[2]"
size = 0x10
addr = 0x1cf3890
