last_change = 2024-06-28T11:25:55.437742Z
addr = 0x1cf3000
size = 0x19c

[stack_vars.-0x110]
last_change = 2024-06-28T11:25:55.437742Z
offset = -272
name = "a1"
type = "long long[3]"
size = 0x18
addr = 0x1cf3000
