last_change = 2024-06-28T11:25:55.438741Z
addr = 0x1cf3d00
size = 0x20f

[stack_vars.-0x128]
last_change = 2024-06-28T11:25:55.438741Z
offset = -296
name = "var_F8"
type = "long long[3]"
size = 0x18
addr = 0x1cf3d00
