last_change = 2024-06-28T11:25:57.291931Z
addr = 0x1cf5750
size = 0x121

[stack_vars.-0xb8]
last_change = 2024-06-28T11:25:57.291931Z
offset = -184
name = "var_A0"
type = "long long"
size = 0x8
addr = 0x1cf5750
