last_change = 2024-06-28T11:25:57.297935Z
addr = 0x1d066d0
size = 0x74c

[stack_vars.-0x2d0]
last_change = 2024-06-28T11:25:57.297935Z
offset = -720
name = "var_2A0"
type = "long long[3]"
size = 0x18
addr = 0x1d066d0
