last_change = 2024-06-28T11:25:57.295935Z
addr = 0x1d05f60
size = 0x21a

[stack_vars.-0x188]
last_change = 2024-06-28T11:25:57.295935Z
offset = -392
name = "a1"
type = "long long[2]"
size = 0x10
addr = 0x1d05f60
