last_change = 2024-06-28T11:25:57.296935Z
addr = 0x1d06340
size = 0x38f

[stack_vars.-0x168]
last_change = 2024-06-28T11:25:57.296935Z
offset = -360
name = "a1"
type = "long long[2]"
size = 0x10
addr = 0x1d06340
