last_change = 2024-06-28T11:25:57.295935Z
addr = 0x1d06180
size = 0x1bb

[stack_vars.-0x110]
last_change = 2024-06-28T11:25:57.295935Z
offset = -272
name = "var_E8"
type = "long long[3]"
size = 0x18
addr = 0x1d06180
