last_change = 2024-06-28T11:25:57.299934Z
addr = 0x1d082a0
size = 0x2d2

[stack_vars.-0x1e8]
last_change = 2024-06-28T11:25:57.299934Z
offset = -488
name = "var_1E0"
type = "long long"
size = 0x8
addr = 0x1d082a0
