last_change = 2024-06-28T11:25:57.293935Z
addr = 0x1d058d0
size = 0xca

[stack_vars.-0xa0]
last_change = 2024-06-28T11:25:57.293935Z
offset = -160
name = "var_A0"
type = "long long"
size = 0x8
addr = 0x1d058d0
