last_change = 2024-06-28T11:25:57.299934Z
addr = 0x1d085b0
size = 0x125

[stack_vars.-0xb8]
last_change = 2024-06-28T11:25:57.299934Z
offset = -184
name = "a1"
type = "long long"
size = 0x8
addr = 0x1d085b0
