last_change = 2024-06-28T11:25:57.294936Z
addr = 0x1d05f60
size = 0x21a

[stack_vars.-0x188]
last_change = 2024-06-28T11:25:57.294936Z
offset = -392
name = "var_160"
type = "long long[2]"
size = 0x10
addr = 0x1d05f60
