last_change = 2024-06-28T11:25:57.295935Z
addr = 0x1d059a0
size = 0x244

[stack_vars.-0x1e0]
last_change = 2024-06-28T11:25:57.295935Z
offset = -480
name = "var_1D8"
type = "long long[3]"
size = 0x18
addr = 0x1d059a0
