last_change = 2024-06-28T11:25:57.302161Z
addr = 0x1d086e0
size = 0x19f

[stack_vars.-0xc0]
last_change = 2024-06-28T11:25:57.302161Z
offset = -192
name = "a1"
type = "long long[3]"
size = 0x18
addr = 0x1d086e0
