last_change = 2024-06-28T11:25:57.300935Z
addr = 0x1e16e80
size = 0x226

[stack_vars.-0x118]
last_change = 2024-06-28T11:25:57.300935Z
offset = -280
name = "a1"
type = "long long[2]"
size = 0x10
addr = 0x1e16e80
