last_change = 2024-06-28T11:25:57.302161Z
addr = 0x1e17a00
size = 0x1cd

[stack_vars.-0x60]
last_change = 2024-06-28T11:25:57.302161Z
offset = -96
name = "a1"
type = "long long"
size = 0x8
addr = 0x1e17a00
