last_change = 2024-06-28T11:25:57.300935Z
addr = 0x1e185b0
size = 0x1ef

[stack_vars.-0x108]
last_change = 2024-06-28T11:25:57.300935Z
offset = -264
name = "var_F0"
type = "long long[2]"
size = 0x10
addr = 0x1e185b0
