last_change = 2024-06-28T11:25:59.063178Z
addr = 0x1e1b8b0
size = 0x74b

[stack_vars.-0x1c0]
last_change = 2024-06-28T11:25:59.063178Z
offset = -448
name = "var_190"
type = "long long"
size = 0x8
addr = 0x1e1b8b0
