last_change = 2024-06-28T11:26:00.397714Z
addr = 0x1e2e4c0
size = 0x1ec

[stack_vars.-0xf0]
last_change = 2024-06-28T11:26:00.397714Z
offset = -240
name = "a1"
type = "long long"
size = 0x8
addr = 0x1e2e4c0
