last_change = 2024-06-28T11:26:00.397714Z
addr = 0x1e2eaf0
size = 0x208

[stack_vars.-0xd0]
last_change = 2024-06-28T11:26:00.397714Z
offset = -208
name = "var_B8"
type = "long long[2]"
size = 0x10
addr = 0x1e2eaf0
