last_change = 2024-06-28T11:25:59.070686Z
addr = 0x1e2abf0
size = 0x153

[stack_vars.-0xd0]
last_change = 2024-06-28T11:25:59.070686Z
offset = -208
name = "a1"
type = "long long"
size = 0x8
addr = 0x1e2abf0
