last_change = 2024-06-28T11:25:59.069687Z
addr = 0x1e24450
size = 0x266

[stack_vars.-0x160]
last_change = 2024-06-28T11:25:59.069687Z
offset = -352
name = "var_158"
type = "long long[2]"
size = 0x10
addr = 0x1e24450
