last_change = 2024-06-28T11:25:59.071686Z
addr = 0x1e28ff0
size = 0x102

[stack_vars.-0xa0]
last_change = 2024-06-28T11:25:59.071686Z
offset = -160
name = "a1"
type = "long long"
size = 0x8
addr = 0x1e28ff0
