last_change = 2024-06-28T11:26:00.396715Z
addr = 0x1e2c560
size = 0x157

[stack_vars.-0xc8]
last_change = 2024-06-28T11:26:00.396715Z
offset = -200
name = "var_A8"
type = "long long[2]"
size = 0x10
addr = 0x1e2c560
