last_change = 2024-06-28T11:25:59.067179Z
addr = 0x1e28ee0
size = 0x104

[stack_vars.-0x98]
last_change = 2024-06-28T11:25:59.067179Z
offset = -152
name = "a1"
type = "long long"
size = 0x8
addr = 0x1e28ee0
