last_change = 2024-06-28T11:25:59.067179Z
addr = 0x1e2aea0
size = 0x161

[stack_vars.-0xc8]
last_change = 2024-06-28T11:25:59.067179Z
offset = -200
name = "a1"
type = "long long[2]"
size = 0x10
addr = 0x1e2aea0
