last_change = 2024-06-28T11:25:59.069687Z
addr = 0x1e28dd0
size = 0x102

[stack_vars.-0x98]
last_change = 2024-06-28T11:25:59.069687Z
offset = -152
name = "a1"
type = "long long"
size = 0x8
addr = 0x1e28dd0
