last_change = 2024-06-28T11:25:59.065179Z
addr = 0x1e23310
size = 0x165

[stack_vars.-0xc0]
last_change = 2024-06-28T11:25:59.065179Z
offset = -192
name = "a1"
type = "long long"
size = 0x8
addr = 0x1e23310
