last_change = 2024-06-28T11:25:59.064179Z
addr = 0x1e22420
size = 0xd25

[stack_vars.-0xf8]
last_change = 2024-06-28T11:25:59.064179Z
offset = -248
name = "var_C8"
type = "long long[2]"
size = 0x10
addr = 0x1e22420
