last_change = 2024-06-28T11:25:59.068682Z
addr = 0x1e2aea0
size = 0x161

[stack_vars.-0xc8]
last_change = 2024-06-28T11:25:59.068682Z
offset = -200
name = "var_A8"
type = "long long[2]"
size = 0x10
addr = 0x1e2aea0
