last_change = 2024-06-28T11:25:59.072686Z
addr = 0x1e2ad50
size = 0x14a

[stack_vars.-0xb8]
last_change = 2024-06-28T11:25:59.072686Z
offset = -184
name = "a1"
type = "long long[2]"
size = 0x10
addr = 0x1e2ad50
