last_change = 2024-06-28T11:25:59.072686Z
addr = 0x1e2c340
size = 0x109

[stack_vars.-0x98]
last_change = 2024-06-28T11:25:59.072686Z
offset = -152
name = "var_98"
type = "long long"
size = 0x8
addr = 0x1e2c340
