last_change = 2024-06-28T11:25:59.067179Z
addr = 0x1e28ff0
size = 0x102

[stack_vars.-0xa0]
last_change = 2024-06-28T11:25:59.067179Z
offset = -160
name = "var_A0"
type = "long long"
size = 0x8
addr = 0x1e28ff0
