last_change = 2024-06-28T11:26:00.396715Z
addr = 0x1e2c450
size = 0x109

[stack_vars.-0x98]
last_change = 2024-06-28T11:26:00.396715Z
offset = -152
name = "a1"
type = "long long"
size = 0x8
addr = 0x1e2c450
