last_change = 2024-06-28T11:25:59.068682Z
addr = 0x1e2ad50
size = 0x14a

[stack_vars.-0xb8]
last_change = 2024-06-28T11:25:59.068682Z
offset = -184
name = "var_A0"
type = "long long[2]"
size = 0x10
addr = 0x1e2ad50
