last_change = 2024-06-28T11:25:59.068682Z
addr = 0x1e2b010
size = 0x1a2

[stack_vars.-0xd8]
last_change = 2024-06-28T11:25:59.068682Z
offset = -216
name = "var_D8"
type = "long long[2]"
size = 0x10
addr = 0x1e2b010
