last_change = 2024-06-28T11:26:00.399217Z
addr = 0x1e2e4c0
size = 0x1ec

[stack_vars.-0xf0]
last_change = 2024-06-28T11:26:00.399217Z
offset = -240
name = "var_D0"
type = "long long"
size = 0x8
addr = 0x1e2e4c0
