last_change = 2024-06-28T11:26:00.404220Z
addr = 0x1e3cb90
size = 0x154

[stack_vars.-0x48]
last_change = 2024-06-28T11:26:00.404220Z
offset = -72
name = "a1"
type = "long long[3]"
size = 0x18
addr = 0x1e3cb90
