last_change = 2024-06-28T11:26:00.404220Z
addr = 0x1e3ad40
size = 0x19d

[stack_vars.-0xb0]
last_change = 2024-06-28T11:26:00.404220Z
offset = -176
name = "a1"
type = "long long[3]"
size = 0x18
addr = 0x1e3ad40
