last_change = 2024-06-28T11:26:00.401220Z
addr = 0x1e329a0
size = 0x126

[stack_vars.-0xc0]
last_change = 2024-06-28T11:26:00.401220Z
offset = -192
name = "var_A0"
type = "long long"
size = 0x8
addr = 0x1e329a0
