last_change = 2024-06-28T11:26:00.405220Z
addr = 0x1e38ee0
size = 0x19e

[stack_vars.-0xb0]
last_change = 2024-06-28T11:26:00.405220Z
offset = -176
name = "a1"
type = "long long[3]"
size = 0x18
addr = 0x1e38ee0
