last_change = 2024-06-28T11:26:00.401220Z
addr = 0x1e32830
size = 0x168

[stack_vars.-0xc0]
last_change = 2024-06-28T11:26:00.401220Z
offset = -192
name = "a1"
type = "long long"
size = 0x8
addr = 0x1e32830
