last_change = 2024-06-28T11:26:00.402220Z
addr = 0x1e32d70
size = 0x123

[stack_vars.-0xb0]
last_change = 2024-06-28T11:26:00.402220Z
offset = -176
name = "var_98"
type = "long long"
size = 0x8
addr = 0x1e32d70
