last_change = 2024-06-28T11:26:00.400220Z
addr = 0x1e32720
size = 0x105

[stack_vars.-0xb8]
last_change = 2024-06-28T11:26:00.400220Z
offset = -184
name = "a1"
type = "long long"
size = 0x8
addr = 0x1e32720
