last_change = 2024-06-28T11:26:00.402220Z
addr = 0x1e32ad0
size = 0x294

[stack_vars.-0xe8]
last_change = 2024-06-28T11:26:00.402220Z
offset = -232
name = "a1"
type = "long long[2]"
size = 0x10
addr = 0x1e32ad0
