last_change = 2024-06-28T11:26:02.053977Z
addr = 0x1e43f80
size = 0xfd

[stack_vars.-0xa0]
last_change = 2024-06-28T11:26:02.053977Z
offset = -160
name = "a1"
type = "long long"
size = 0x8
addr = 0x1e43f80
