last_change = 2024-06-28T11:26:02.044968Z
addr = 0x1e40e10
size = 0x126

[stack_vars.-0xb0]
last_change = 2024-06-28T11:26:02.044968Z
offset = -176
name = "a1"
type = "long long"
size = 0x8
addr = 0x1e40e10
