last_change = 2024-06-28T11:26:02.045973Z
addr = 0x1e415d0
size = 0x13d

[stack_vars.-0xb0]
last_change = 2024-06-28T11:26:02.045973Z
offset = -176
name = "var_98"
type = "long long"
size = 0x8
addr = 0x1e415d0
