last_change = 2024-06-28T11:26:02.042462Z
addr = 0x1e41090
size = 0x11c

[stack_vars.-0xb8]
last_change = 2024-06-28T11:26:02.042462Z
offset = -184
name = "a1"
type = "long long"
size = 0x8
addr = 0x1e41090
