last_change = 2024-06-28T11:26:00.406220Z
addr = 0x1e40bd0
size = 0xf3

[stack_vars.-0xa0]
last_change = 2024-06-28T11:26:00.406220Z
offset = -160
name = "a1"
type = "long long"
size = 0x8
addr = 0x1e40bd0
