last_change = 2024-06-28T11:26:02.049976Z
addr = 0x1e43890
size = 0x150

[stack_vars.-0xa8]
last_change = 2024-06-28T11:26:02.049976Z
offset = -168
name = "a1"
type = "long long"
size = 0x8
addr = 0x1e43890
