last_change = 2024-06-28T11:26:02.045973Z
addr = 0x1e41710
size = 0x693

[stack_vars.-0x228]
last_change = 2024-06-28T11:26:02.045973Z
offset = -552
name = "var_1F8"
type = "long long"
size = 0x8
addr = 0x1e41710
