last_change = 2024-06-28T11:26:02.046976Z
addr = 0x1e41ff0
size = 0x354

[stack_vars.-0x150]
last_change = 2024-06-28T11:26:02.046976Z
offset = -336
name = "var_148"
type = "_QWORD[3]"
size = 0x18
addr = 0x1e41ff0
