last_change = 2024-06-28T11:26:02.053977Z
addr = 0x1e445e0
size = 0x123

[stack_vars.-0xb8]
last_change = 2024-06-28T11:26:02.053977Z
offset = -184
name = "a1"
type = "long long[2]"
size = 0x10
addr = 0x1e445e0
