last_change = 2024-06-28T11:26:02.051976Z
addr = 0x1e43890
size = 0x150

[stack_vars.-0xa8]
last_change = 2024-06-28T11:26:02.051976Z
offset = -168
name = "var_A8"
type = "long long"
size = 0x8
addr = 0x1e43890
