last_change = 2024-06-28T11:26:02.043464Z
addr = 0x1e40e10
size = 0x126

[stack_vars.-0xb0]
last_change = 2024-06-28T11:26:02.043464Z
offset = -176
name = "var_B0"
type = "long long"
size = 0x8
addr = 0x1e40e10
