last_change = 2024-06-28T11:26:02.054976Z
addr = 0x1e448e0
size = 0x33c

[stack_vars.-0x188]
last_change = 2024-06-28T11:26:02.054976Z
offset = -392
name = "a1"
type = "long long[2]"
size = 0x10
addr = 0x1e448e0
