last_change = 2024-06-28T11:26:02.044968Z
addr = 0x1e411b0
size = 0xff

[stack_vars.-0x98]
last_change = 2024-06-28T11:26:02.044968Z
offset = -152
name = "a1"
type = "long long"
size = 0x8
addr = 0x1e411b0
