last_change = 2024-06-28T11:26:04.114114Z
addr = 0x2204330
size = 0x2ce

[stack_vars.-0x120]
last_change = 2024-06-28T11:26:04.114114Z
offset = -288
name = "var_F8"
type = "long long[2]"
size = 0x10
addr = 0x2204330
