last_change = 2024-06-28T11:26:04.114114Z
addr = 0x2208540
size = 0x10f

[stack_vars.-0x98]
last_change = 2024-06-28T11:26:04.114114Z
offset = -152
name = "var_98"
type = "long long"
size = 0x8
addr = 0x2208540
