last_change = 2024-06-28T11:26:04.114114Z
addr = 0x22026f0
size = 0x379

[stack_vars.-0x170]
last_change = 2024-06-28T11:26:04.114114Z
offset = -368
name = "a1"
type = "long long[2]"
size = 0x10
addr = 0x22026f0
