last_change = 2024-06-28T11:26:04.117114Z
addr = 0x2210670
size = 0xfa

[stack_vars.-0x60]
last_change = 2024-06-28T11:26:04.117114Z
offset = -96
name = "var_40"
type = "long long[3]"
size = 0x18
addr = 0x2210670
