last_change = 2024-06-28T11:26:04.118473Z
addr = 0x221cea0
size = 0x120

[stack_vars.-0x70]
last_change = 2024-06-28T11:26:04.118473Z
offset = -112
name = "var_48"
type = "long long[2]"
size = 0x10
addr = 0x221cea0
