last_change = 2024-06-28T11:26:04.117114Z
addr = 0x2214be0
size = 0x352

[stack_vars.-0xe8]
last_change = 2024-06-28T11:26:04.117114Z
offset = -232
name = "a1"
type = "long long[2]"
size = 0x10
addr = 0x2214be0
