last_change = 2024-06-28T11:26:04.117114Z
addr = 0x22167f0
size = 0x24d

[stack_vars.-0x60]
last_change = 2024-06-28T11:26:04.117114Z
offset = -96
name = "var_38"
type = "long long[3]"
size = 0x18
addr = 0x22167f0
