last_change = 2024-06-28T11:26:04.115115Z
addr = 0x2214be0
size = 0x352

[stack_vars.-0xe8]
last_change = 2024-06-28T11:26:04.115115Z
offset = -232
name = "var_E0"
type = "long long[2]"
size = 0x10
addr = 0x2214be0
