last_change = 2024-06-28T11:26:04.120473Z
addr = 0x2223db0
size = 0x351

[stack_vars.-0x98]
last_change = 2024-06-28T11:26:04.120473Z
offset = -152
name = "var_60"
type = "__int128"
size = 0x10
addr = 0x2223db0
