last_change = 2024-06-28T11:26:04.121473Z
addr = 0x2230b60
size = 0x457

[stack_vars.-0x228]
last_change = 2024-06-28T11:26:04.121473Z
offset = -552
name = "var_208"
type = "long long[2]"
size = 0x10
addr = 0x2230b60
