last_change = 2024-06-28T11:26:05.919483Z
addr = 0x223dd20
size = 0x390

[stack_vars.-0xe0]
last_change = 2024-06-28T11:26:05.919483Z
offset = -224
name = "var_B8"
type = "long long[2]"
size = 0x10
addr = 0x223dd20
