last_change = 2024-06-28T11:26:05.921483Z
addr = 0x223efd0
size = 0x35a

[stack_vars.-0xe8]
last_change = 2024-06-28T11:26:05.921483Z
offset = -232
name = "var_E0"
type = "long long[2]"
size = 0x10
addr = 0x223efd0
