last_change = 2024-06-28T11:26:04.123473Z
addr = 0x2230b60
size = 0x457

[stack_vars.-0x228]
last_change = 2024-06-28T11:26:04.123473Z
offset = -552
name = "a1"
type = "long long[2]"
size = 0x10
addr = 0x2230b60
