last_change = 2024-06-28T11:26:05.920484Z
addr = 0x223dd20
size = 0x390

[stack_vars.-0xe0]
last_change = 2024-06-28T11:26:05.920484Z
offset = -224
name = "a1"
type = "long long[2]"
size = 0x10
addr = 0x223dd20
