last_change = 2024-06-28T11:26:05.919483Z
addr = 0x223e3e0
size = 0x11b

[stack_vars.-0x58]
last_change = 2024-06-28T11:26:05.919483Z
offset = -88
name = "a1"
type = "long long[3]"
size = 0x18
addr = 0x223e3e0
