last_change = 2024-06-28T11:26:05.923482Z
addr = 0x2243960
size = 0x374

[stack_vars.-0x148]
last_change = 2024-06-28T11:26:05.923482Z
offset = -328
name = "a1"
type = "long long"
size = 0x8
addr = 0x2243960
