last_change = 2024-06-28T11:26:05.929997Z
addr = 0x2249560
size = 0x1e3

[stack_vars.-0xc0]
last_change = 2024-06-28T11:26:05.929997Z
offset = -192
name = "var_A0"
type = "long long"
size = 0x8
addr = 0x2249560
