last_change = 2024-06-28T11:26:05.923482Z
addr = 0x2243830
size = 0x124

[stack_vars.-0xb8]
last_change = 2024-06-28T11:26:05.923482Z
offset = -184
name = "a1"
type = "long long"
size = 0x8
addr = 0x2243830
