last_change = 2024-06-28T11:26:05.925988Z
addr = 0x2243f60
size = 0x130

[stack_vars.-0xb8]
last_change = 2024-06-28T11:26:05.925988Z
offset = -184
name = "var_A0"
type = "long long"
size = 0x8
addr = 0x2243f60
