last_change = 2024-06-28T11:26:05.925988Z
addr = 0x2246090
size = 0x7a0

[stack_vars.-0x208]
last_change = 2024-06-28T11:26:05.925988Z
offset = -520
name = "var_1E0"
type = "long long[2]"
size = 0x10
addr = 0x2246090
