last_change = 2024-06-28T11:26:07.933326Z
addr = 0x2249aa0
size = 0x11b

[stack_vars.-0xb8]
last_change = 2024-06-28T11:26:07.933326Z
offset = -184
name = "var_A0"
type = "long long"
size = 0x8
addr = 0x2249aa0
