last_change = 2024-06-28T11:26:05.928997Z
addr = 0x2248700
size = 0x1b9

[stack_vars.-0xd8]
last_change = 2024-06-28T11:26:05.928997Z
offset = -216
name = "var_B8"
type = "long long[2]"
size = 0x10
addr = 0x2248700
