last_change = 2024-06-28T11:26:05.927997Z
addr = 0x2244460
size = 0x12b

[stack_vars.-0xb8]
last_change = 2024-06-28T11:26:05.927997Z
offset = -184
name = "a1"
type = "long long"
size = 0x8
addr = 0x2244460
