last_change = 2024-06-28T11:26:07.933326Z
addr = 0x224ac60
size = 0x15f

[stack_vars.-0xd0]
last_change = 2024-06-28T11:26:07.933326Z
offset = -208
name = "var_B0"
type = "long long"
size = 0x8
addr = 0x224ac60
