last_change = 2024-06-28T11:26:05.927997Z
addr = 0x2246090
size = 0x7a0

[stack_vars.-0x208]
last_change = 2024-06-28T11:26:05.927997Z
offset = -520
name = "a1"
type = "long long[2]"
size = 0x10
addr = 0x2246090
