last_change = 2024-06-28T11:26:05.931998Z
addr = 0x2249750
size = 0x1f9

[stack_vars.-0xe0]
last_change = 2024-06-28T11:26:05.931998Z
offset = -224
name = "var_C8"
type = "long long[2]"
size = 0x10
addr = 0x2249750
