last_change = 2024-06-28T11:26:05.930998Z
addr = 0x2249560
size = 0x1e3

[stack_vars.-0xc0]
last_change = 2024-06-28T11:26:05.930998Z
offset = -192
name = "a1"
type = "long long"
size = 0x8
addr = 0x2249560
