last_change = 2024-06-28T11:26:05.925988Z
addr = 0x22469c0
size = 0x140

[stack_vars.-0xb8]
last_change = 2024-06-28T11:26:05.925988Z
offset = -184
name = "var_A0"
type = "long long"
size = 0x8
addr = 0x22469c0
