last_change = 2024-06-28T11:26:05.929997Z
addr = 0x22488c0
size = 0x243

[stack_vars.-0x68]
last_change = 2024-06-28T11:26:05.929997Z
offset = -104
name = "var_40"
type = "long long[2]"
size = 0x10
addr = 0x22488c0
