last_change = 2024-06-28T11:26:05.929997Z
addr = 0x2244590
size = 0x18c

[stack_vars.-0xb8]
last_change = 2024-06-28T11:26:05.929997Z
offset = -184
name = "a1"
type = "long long"
size = 0x8
addr = 0x2244590
