last_change = 2024-06-28T11:26:07.936829Z
addr = 0x23ed550
size = 0x455

[stack_vars.-0xe8]
last_change = 2024-06-28T11:26:07.936829Z
offset = -232
name = "a1"
type = "long long[2]"
size = 0x10
addr = 0x23ed550
