last_change = 2024-06-28T11:26:07.937832Z
addr = 0x23edb10
size = 0x13b5

[stack_vars.-0x248]
last_change = 2024-06-28T11:26:07.937832Z
offset = -584
name = "a1"
type = "long long[2]"
size = 0x10
addr = 0x23edb10
