last_change = 2024-06-28T11:26:07.936829Z
addr = 0x23ed9d0
size = 0x139

[stack_vars.-0xb8]
last_change = 2024-06-28T11:26:07.936829Z
offset = -184
name = "a1"
type = "long long"
size = 0x8
addr = 0x23ed9d0
