last_change = 2024-06-28T11:26:07.935326Z
addr = 0x23ed9d0
size = 0x139

[stack_vars.-0xb8]
last_change = 2024-06-28T11:26:07.935326Z
offset = -184
name = "var_A0"
type = "long long"
size = 0x8
addr = 0x23ed9d0
