last_change = 2024-06-28T11:26:07.937832Z
addr = 0x23edb10
size = 0x13b5

[stack_vars.-0x328]
last_change = 2024-06-28T11:26:07.937832Z
offset = -808
name = "var_300"
type = "__int128"
size = 0x10
addr = 0x23edb10
