last_change = 2024-06-28T11:26:07.942833Z
addr = 0x23f95b0
size = 0x150

[stack_vars.-0xe0]
last_change = 2024-06-28T11:26:07.942833Z
offset = -224
name = "a1"
type = "long long"
size = 0x8
addr = 0x23f95b0
