last_change = 2024-06-28T11:26:07.943833Z
addr = 0x23fb5d0
size = 0x190

[stack_vars.-0xe8]
last_change = 2024-06-28T11:26:07.943833Z
offset = -232
name = "a1"
type = "long long[2]"
size = 0x10
addr = 0x23fb5d0
