last_change = 2024-06-28T11:26:07.938833Z
addr = 0x23f20e0
size = 0x154

[stack_vars.-0xc0]
last_change = 2024-06-28T11:26:07.938833Z
offset = -192
name = "var_A0"
type = "long long"
size = 0x8
addr = 0x23f20e0
