last_change = 2024-06-28T11:26:07.937832Z
addr = 0x23f2240
size = 0x13a

[stack_vars.-0xb0]
last_change = 2024-06-28T11:26:07.937832Z
offset = -176
name = "var_98"
type = "long long"
size = 0x8
addr = 0x23f2240
