last_change = 2024-06-28T11:26:09.287886Z
addr = 0x240d380
size = 0x170

[stack_vars.-0xd0]
last_change = 2024-06-28T11:26:09.287886Z
offset = -208
name = "a1"
type = "long long[2]"
size = 0x10
addr = 0x240d380
