last_change = 2024-06-28T11:26:10.916312Z
addr = 0x240e630
size = 0x111

[stack_vars.-0xb0]
last_change = 2024-06-28T11:26:10.916312Z
offset = -176
name = "var_98"
type = "long long"
size = 0x8
addr = 0x240e630
