last_change = 2024-06-28T11:26:09.280210Z
addr = 0x240c300
size = 0x21e

[stack_vars.-0xf8]
last_change = 2024-06-28T11:26:09.280210Z
offset = -248
name = "a1"
type = "long long"
size = 0x8
addr = 0x240c300
