last_change = 2024-06-28T11:26:09.278206Z
addr = 0x2402930
size = 0x223

[stack_vars.-0x58]
last_change = 2024-06-28T11:26:09.278206Z
offset = -88
name = "var_30"
type = "long long[2]"
size = 0x10
addr = 0x2402930
