last_change = 2024-06-28T11:26:09.282210Z
addr = 0x240c6d0
size = 0x10e

[stack_vars.-0xb8]
last_change = 2024-06-28T11:26:09.282210Z
offset = -184
name = "var_A0"
type = "long long"
size = 0x8
addr = 0x240c6d0
