last_change = 2024-06-28T11:26:09.284210Z
addr = 0x240cd90
size = 0x111

[stack_vars.-0xb0]
last_change = 2024-06-28T11:26:09.284210Z
offset = -176
name = "var_98"
type = "long long"
size = 0x8
addr = 0x240cd90
