last_change = 2024-06-28T11:26:09.275698Z
addr = 0x2401200
size = 0x14a

[stack_vars.-0xb0]
last_change = 2024-06-28T11:26:09.275698Z
offset = -176
name = "var_B0"
type = "long long"
size = 0x8
addr = 0x2401200
