last_change = 2024-06-28T11:26:10.918311Z
addr = 0x240e750
size = 0x136

[stack_vars.-0xc8]
last_change = 2024-06-28T11:26:10.918311Z
offset = -200
name = "var_B0"
type = "long long"
size = 0x8
addr = 0x240e750
