last_change = 2024-06-28T11:26:09.280210Z
addr = 0x2402930
size = 0x223

[stack_vars.-0x58]
last_change = 2024-06-28T11:26:09.280210Z
offset = -88
name = "a1"
type = "long long[2]"
size = 0x10
addr = 0x2402930
