last_change = 2024-06-28T11:26:09.278206Z
addr = 0x24024b0
size = 0x1ad

[stack_vars.-0x60]
last_change = 2024-06-28T11:26:09.278206Z
offset = -96
name = "a1"
type = "long long[2]"
size = 0x10
addr = 0x24024b0
