last_change = 2024-06-28T11:26:10.914313Z
addr = 0x240e1b0
size = 0x10e

[stack_vars.-0xb8]
last_change = 2024-06-28T11:26:10.914313Z
offset = -184
name = "var_A0"
type = "long long"
size = 0x8
addr = 0x240e1b0
