last_change = 2024-06-28T11:26:09.285210Z
addr = 0x240cb50
size = 0x10e

[stack_vars.-0xb8]
last_change = 2024-06-28T11:26:09.285210Z
offset = -184
name = "a1"
type = "long long"
size = 0x8
addr = 0x240cb50
