last_change = 2024-06-28T11:26:09.282210Z
addr = 0x240c520
size = 0x1ac

[stack_vars.-0xd8]
last_change = 2024-06-28T11:26:09.282210Z
offset = -216
name = "a1"
type = "long long[2]"
size = 0x10
addr = 0x240c520
