last_change = 2024-06-28T11:26:10.918311Z
addr = 0x240e2c0
size = 0x12f

[stack_vars.-0xc0]
last_change = 2024-06-28T11:26:10.918311Z
offset = -192
name = "a1"
type = "long long"
size = 0x8
addr = 0x240e2c0
