last_change = 2024-06-28T11:26:09.286210Z
addr = 0x240d160
size = 0x21f

[stack_vars.-0xd8]
last_change = 2024-06-28T11:26:09.286210Z
offset = -216
name = "var_B8"
type = "long long[2]"
size = 0x10
addr = 0x240d160
