last_change = 2024-06-28T11:26:09.287886Z
addr = 0x240d970
size = 0x111

[stack_vars.-0xb0]
last_change = 2024-06-28T11:26:09.287886Z
offset = -176
name = "a1"
type = "long long"
size = 0x8
addr = 0x240d970
