last_change = 2024-06-28T11:26:10.917311Z
addr = 0x240e630
size = 0x111

[stack_vars.-0xb0]
last_change = 2024-06-28T11:26:10.917311Z
offset = -176
name = "a1"
type = "long long"
size = 0x8
addr = 0x240e630
