last_change = 2024-06-28T11:26:10.915312Z
addr = 0x240e3f0
size = 0x10e

[stack_vars.-0xb8]
last_change = 2024-06-28T11:26:10.915312Z
offset = -184
name = "var_A0"
type = "long long"
size = 0x8
addr = 0x240e3f0
