last_change = 2024-06-28T11:26:09.275698Z
addr = 0x2401350
size = 0x192

[stack_vars.-0x48]
last_change = 2024-06-28T11:26:09.275698Z
offset = -72
name = "var_48"
type = "long long[2]"
size = 0x10
addr = 0x2401350
