last_change = 2024-06-28T11:26:09.280210Z
addr = 0x2402cf0
size = 0x176

[stack_vars.-0x50]
last_change = 2024-06-28T11:26:09.280210Z
offset = -80
name = "var_38"
type = "long long[2]"
size = 0x10
addr = 0x2402cf0
