last_change = 2024-06-28T11:26:09.279210Z
addr = 0x2402660
size = 0x2c8

[stack_vars.-0x68]
last_change = 2024-06-28T11:26:09.279210Z
offset = -104
name = "var_40"
type = "long long"
size = 0x8
addr = 0x2402660
