last_change = 2024-06-28T11:26:10.918311Z
addr = 0x24125c0
size = 0x34f

[stack_vars.-0x88]
last_change = 2024-06-28T11:26:10.918311Z
offset = -136
name = "var_60"
type = "long long[2]"
size = 0x10
addr = 0x24125c0
