last_change = 2024-06-28T11:26:10.922313Z
addr = 0x24125c0
size = 0x34f

[stack_vars.-0x88]
last_change = 2024-06-28T11:26:10.922313Z
offset = -136
name = "a1"
type = "long long[2]"
size = 0x10
addr = 0x24125c0
