last_change = 2024-06-28T11:26:10.922313Z
addr = 0x2412b10
size = 0x185

[stack_vars.-0x50]
last_change = 2024-06-28T11:26:10.922313Z
offset = -80
name = "var_38"
type = "long long[2]"
size = 0x10
addr = 0x2412b10
