last_change = 2024-06-28T11:26:10.926507Z
addr = 0x2418c10
size = 0xf4

[stack_vars.-0x98]
last_change = 2024-06-28T11:26:10.926507Z
offset = -152
name = "var_98"
type = "long long"
size = 0x8
addr = 0x2418c10
