last_change = 2024-06-28T11:26:10.923312Z
addr = 0x2416490
size = 0x1b7

[stack_vars.-0xc0]
last_change = 2024-06-28T11:26:10.923312Z
offset = -192
name = "var_C0"
type = "long long"
size = 0x8
addr = 0x2416490
