last_change = 2024-06-28T11:26:10.925506Z
addr = 0x2418e80
size = 0x13e

[stack_vars.-0xa0]
last_change = 2024-06-28T11:26:10.925506Z
offset = -160
name = "var_A0"
type = "long long[2]"
size = 0x10
addr = 0x2418e80
