last_change = 2024-06-28T11:26:10.928506Z
addr = 0x2418fc0
size = 0x4e2

[stack_vars.-0x130]
last_change = 2024-06-28T11:26:10.928506Z
offset = -304
name = "var_110"
type = "long long[2]"
size = 0x10
addr = 0x2418fc0
