last_change = 2024-06-28T11:26:10.921313Z
addr = 0x24150f0
size = 0x199

[stack_vars.-0x48]
last_change = 2024-06-28T11:26:10.921313Z
offset = -72
name = "var_48"
type = "long long[2]"
size = 0x10
addr = 0x24150f0
