last_change = 2024-06-28T11:26:10.919314Z
addr = 0x2412410
size = 0x1ac

[stack_vars.-0x48]
last_change = 2024-06-28T11:26:10.919314Z
offset = -72
name = "var_48"
type = "long long[2]"
size = 0x10
addr = 0x2412410
