last_change = 2024-06-28T11:26:10.928506Z
addr = 0x2445150
size = 0x125

[stack_vars.-0xe8]
last_change = 2024-06-28T11:26:10.928506Z
offset = -232
name = "var_C0"
type = "long long"
size = 0x8
addr = 0x2445150
