last_change = 2024-06-28T11:26:12.190807Z
addr = 0x2446890
size = 0x13f

[stack_vars.-0xc0]
last_change = 2024-06-28T11:26:12.190807Z
offset = -192
name = "a1"
type = "long long"
size = 0x8
addr = 0x2446890
