last_change = 2024-06-28T11:26:10.927507Z
addr = 0x2445150
size = 0x125

[stack_vars.-0xe8]
last_change = 2024-06-28T11:26:10.927507Z
offset = -232
name = "a1"
type = "long long"
size = 0x8
addr = 0x2445150
