last_change = 2024-06-28T11:26:12.195281Z
addr = 0x244b4c0
size = 0x122

[stack_vars.-0xd8]
last_change = 2024-06-28T11:26:12.195281Z
offset = -216
name = "a1"
type = "long long"
size = 0x8
addr = 0x244b4c0
