last_change = 2024-06-28T11:26:12.190807Z
addr = 0x2447240
size = 0x146

[stack_vars.-0xc0]
last_change = 2024-06-28T11:26:12.190807Z
offset = -192
name = "var_A0"
type = "long long"
size = 0x8
addr = 0x2447240
