last_change = 2024-06-28T11:26:10.927507Z
addr = 0x2444a70
size = 0x120

[stack_vars.-0xd8]
last_change = 2024-06-28T11:26:10.927507Z
offset = -216
name = "a1"
type = "long long"
size = 0x8
addr = 0x2444a70
