last_change = 2024-06-28T11:26:12.194276Z
addr = 0x244b4c0
size = 0x122

[stack_vars.-0xd8]
last_change = 2024-06-28T11:26:12.194276Z
offset = -216
name = "var_B0"
type = "long long"
size = 0x8
addr = 0x244b4c0
