last_change = 2024-06-28T11:26:12.191806Z
addr = 0x2447bf0
size = 0x141

[stack_vars.-0xd0]
last_change = 2024-06-28T11:26:12.191806Z
offset = -208
name = "var_B0"
type = "long long"
size = 0x8
addr = 0x2447bf0
