last_change = 2024-06-28T11:26:12.200280Z
addr = 0x245bb20
size = 0x141

[stack_vars.-0xd0]
last_change = 2024-06-28T11:26:12.200280Z
offset = -208
name = "a1"
type = "long long"
size = 0x8
addr = 0x245bb20
