last_change = 2024-06-28T11:26:12.198279Z
addr = 0x245b9d0
size = 0x141

[stack_vars.-0xd0]
last_change = 2024-06-28T11:26:12.198279Z
offset = -208
name = "a1"
type = "long long"
size = 0x8
addr = 0x245b9d0
