last_change = 2024-06-28T11:26:12.204399Z
addr = 0x248b350
size = 0x141

[stack_vars.-0xd0]
last_change = 2024-06-28T11:26:12.204399Z
offset = -208
name = "a1"
type = "long long"
size = 0x8
addr = 0x248b350
