last_change = 2024-06-28T11:26:12.204399Z
addr = 0x24b6c30
size = 0x13f

[stack_vars.-0xc0]
last_change = 2024-06-28T11:26:12.204399Z
offset = -192
name = "var_A0"
type = "long long"
size = 0x8
addr = 0x24b6c30
