last_change = 2024-06-28T11:26:17.375239Z
addr = 0x24fb420
size = 0xfa

[stack_vars.-0xb8]
last_change = 2024-06-28T11:26:17.375239Z
offset = -184
name = "var_A0"
type = "long long"
size = 0x8
addr = 0x24fb420
