last_change = 2024-06-28T11:26:17.375239Z
addr = 0x24fb2d0
size = 0x149

[stack_vars.-0x98]
last_change = 2024-06-28T11:26:17.375239Z
offset = -152
name = "var_98"
type = "long long"
size = 0x8
addr = 0x24fb2d0
