last_change = 2024-06-28T11:26:12.206400Z
addr = 0x24fae20
size = 0x11d

[stack_vars.-0x98]
last_change = 2024-06-28T11:26:12.206400Z
offset = -152
name = "var_98"
type = "long long"
size = 0x8
addr = 0x24fae20
