last_change = 2024-06-28T11:26:12.206400Z
addr = 0x24facf0
size = 0x12c

[stack_vars.-0xc0]
last_change = 2024-06-28T11:26:12.206400Z
offset = -192
name = "a1"
type = "long long"
size = 0x8
addr = 0x24facf0
