last_change = 2024-06-28T11:26:17.379242Z
addr = 0x268f3f0
size = 0xbfa

[stack_vars.-0x138]
last_change = 2024-06-28T11:26:17.379242Z
offset = -312
name = "var_E0"
type = "long long[3]"
size = 0x18
addr = 0x268f3f0
