last_change = 2024-06-28T11:26:17.381241Z
addr = 0x26e4510
size = 0x29c

[stack_vars.-0x88]
last_change = 2024-06-28T11:26:17.381241Z
offset = -136
name = "var_70"
type = "long long[3]"
size = 0x18
addr = 0x26e4510
