last_change = 2024-06-28T11:26:17.384243Z
addr = 0x26e55f0
size = 0x3da

[stack_vars.-0xc0]
last_change = 2024-06-28T11:26:17.384243Z
offset = -192
name = "var_A0"
type = "long long[3]"
size = 0x18
addr = 0x26e55f0
