last_change = 2024-06-28T11:26:17.384243Z
addr = 0x270dc50
size = 0x1d3c

[stack_vars.-0x2f8]
last_change = 2024-06-28T11:26:17.384243Z
offset = -760
name = "a1"
type = "long long"
size = 0x8
addr = 0x270dc50
