[metadata]
addr = 0x27101b0
size = 0x51
last_change = 2024-06-27T22:55:32.062107Z

[header]
last_change = 2024-06-27T22:55:32.062107Z
addr = 0x27101b0
type = "void *"
