last_change = 2024-06-28T11:26:17.385306Z
addr = 0x2752dc0
size = 0x9a5

[stack_vars.-0x130]
last_change = 2024-06-28T11:26:17.385306Z
offset = -304
name = "a1"
type = "long long[2]"
size = 0x10
addr = 0x2752dc0
