last_change = 2024-06-28T11:26:17.385306Z
addr = 0x2753900
size = 0x1f5

[stack_vars.-0xa8]
last_change = 2024-06-28T11:26:17.385306Z
offset = -168
name = "var_88"
type = "long long[2]"
size = 0x10
addr = 0x2753900
