last_change = 2024-06-28T11:26:17.387306Z
addr = 0x2753b00
size = 0x10e

[stack_vars.-0x78]
last_change = 2024-06-28T11:26:17.387306Z
offset = -120
name = "var_60"
type = "long long[2]"
size = 0x10
addr = 0x2753b00
