last_change = 2024-06-28T11:26:17.387306Z
addr = 0x2753770
size = 0x186

[stack_vars.-0x98]
last_change = 2024-06-28T11:26:17.387306Z
offset = -152
name = "a1"
type = "long long[2]"
size = 0x10
addr = 0x2753770
