last_change = 2024-06-28T11:26:17.384243Z
addr = 0x2753770
size = 0x186

[stack_vars.-0x98]
last_change = 2024-06-28T11:26:17.384243Z
offset = -152
name = "var_78"
type = "long long[2]"
size = 0x10
addr = 0x2753770
