last_change = 2024-06-28T11:26:17.387306Z
addr = 0x276acb0
size = 0x623

[stack_vars.-0x128]
last_change = 2024-06-28T11:26:17.387306Z
offset = -296
name = "var_100"
type = "long long"
size = 0x8
addr = 0x276acb0
