last_change = 2024-06-28T11:26:17.387306Z
addr = 0x2763ae0
size = 0xca1

[stack_vars.-0x410]
last_change = 2024-06-28T11:26:17.387306Z
offset = -1040
name = "a1"
type = "long long[3]"
size = 0x18
addr = 0x2763ae0
