last_change = 2024-06-28T11:26:20.878655Z
addr = 0x2777ab0
size = 0x484

[stack_vars.-0x98]
last_change = 2024-06-28T11:26:20.878655Z
offset = -152
name = "var_78"
type = "long long[3]"
size = 0x18
addr = 0x2777ab0
