last_change = 2024-06-28T11:26:20.880679Z
addr = 0x277eb90
size = 0x469

[stack_vars.-0xb0]
last_change = 2024-06-28T11:26:20.880679Z
offset = -176
name = "a1"
type = "long long[3]"
size = 0x18
addr = 0x277eb90
