last_change = 2024-06-28T11:26:20.879679Z
addr = 0x2777ab0
size = 0x484

[stack_vars.-0x98]
last_change = 2024-06-28T11:26:20.879679Z
offset = -152
name = "a1"
type = "long long[3]"
size = 0x18
addr = 0x2777ab0
