last_change = 2024-06-28T11:26:20.883679Z
addr = 0x2783c30
size = 0xb56

[stack_vars.-0x1c0]
last_change = 2024-06-28T11:26:20.883679Z
offset = -448
name = "var_1A0"
type = "long long[2]"
size = 0x10
addr = 0x2783c30
