last_change = 2024-06-28T11:26:20.885680Z
addr = 0x283b4b0
size = 0x2b0

[stack_vars.-0x58]
last_change = 2024-06-28T11:26:20.885680Z
offset = -88
name = "var_20"
type = "long long[3]"
size = 0x18
addr = 0x283b4b0
