last_change = 2024-06-28T11:26:20.885680Z
addr = 0x283d6d0
size = 0x1a2

[stack_vars.-0x40]
last_change = 2024-06-28T11:26:20.885680Z
offset = -64
name = "a1"
type = "long long[3]"
size = 0x18
addr = 0x283d6d0
