last_change = 2024-06-28T11:26:20.884679Z
addr = 0x283b030
size = 0x18f

[stack_vars.-0x48]
last_change = 2024-06-28T11:26:20.884679Z
offset = -72
name = "var_20"
type = "long long[3]"
size = 0x18
addr = 0x283b030
