last_change = 2024-06-28T11:26:20.884679Z
addr = 0x283aac0
size = 0x453

[stack_vars.-0x70]
last_change = 2024-06-28T11:26:20.884679Z
offset = -112
name = "a1"
type = "long long[3]"
size = 0x18
addr = 0x283aac0
