last_change = 2024-06-28T11:26:20.886679Z
addr = 0x285db20
size = 0xd82

[stack_vars.-0xb0]
last_change = 2024-06-28T11:26:20.886679Z
offset = -176
name = "var_A8"
type = "long long[2]"
size = 0x10
addr = 0x285db20
