last_change = 2024-06-28T11:26:20.888680Z
addr = 0x2856db0
size = 0x330

[stack_vars.-0x88]
last_change = 2024-06-28T11:26:20.888680Z
offset = -136
name = "a2"
type = "__int128"
size = 0x10
addr = 0x2856db0
