last_change = 2024-06-28T11:26:20.885680Z
addr = 0x2856db0
size = 0x330

[stack_vars.-0x68]
last_change = 2024-06-28T11:26:20.885680Z
offset = -104
name = "var_60"
type = "long long[3]"
size = 0x18
addr = 0x2856db0
