last_change = 2024-06-28T11:26:20.887679Z
addr = 0x285e8b0
size = 0xf4

[stack_vars.-0x40]
last_change = 2024-06-28T11:26:20.887679Z
offset = -64
name = "a1"
type = "long long[3]"
size = 0x18
addr = 0x285e8b0
