last_change = 2024-06-28T11:26:20.887679Z
addr = 0x285db20
size = 0xd82

[stack_vars.-0x190]
last_change = 2024-06-28T11:26:20.887679Z
offset = -400
name = "var_188"
type = "long long[3]"
size = 0x18
addr = 0x285db20
