last_change = 2024-06-28T11:26:20.887679Z
addr = 0x2874c90
size = 0x1224

[stack_vars.-0x150]
last_change = 2024-06-28T11:26:20.887679Z
offset = -336
name = "var_130"
type = "long long[3]"
size = 0x18
addr = 0x2874c90
