last_change = 2024-06-28T11:26:22.323041Z
addr = 0x293c040
size = 0x333

[stack_vars.-0x90]
last_change = 2024-06-28T11:26:22.323041Z
offset = -144
name = "var_88"
type = "long long[2]"
size = 0x10
addr = 0x293c040
