last_change = 2024-06-28T11:26:22.324039Z
addr = 0x293d810
size = 0x44b

[stack_vars.-0x78]
last_change = 2024-06-28T11:26:22.324039Z
offset = -120
name = "var_58"
type = "long long[3]"
size = 0x18
addr = 0x293d810
