last_change = 2024-06-28T11:26:22.320938Z
addr = 0x293b0c0
size = 0x344

[stack_vars.-0xa8]
last_change = 2024-06-28T11:26:22.320938Z
offset = -168
name = "a1"
type = "long long[2]"
size = 0x10
addr = 0x293b0c0
