last_change = 2024-06-28T11:26:22.323041Z
addr = 0x293b510
size = 0x93d

[stack_vars.-0x150]
last_change = 2024-06-28T11:26:22.323041Z
offset = -336
name = "a1"
type = "long long[3]"
size = 0x18
addr = 0x293b510
