last_change = 2024-06-28T11:26:22.326039Z
addr = 0x293e240
size = 0x7a

[stack_vars.-0x40]
last_change = 2024-06-28T11:26:22.326039Z
offset = -64
name = "a1"
type = "long long[3]"
size = 0x18
addr = 0x293e240
