last_change = 2024-06-28T11:26:22.322040Z
addr = 0x2938930
size = 0x2f4

[stack_vars.-0x40]
last_change = 2024-06-28T11:26:22.322040Z
offset = -64
name = "var_28"
type = "long long[3]"
size = 0x18
addr = 0x2938930
