last_change = 2024-06-28T11:26:22.328040Z
addr = 0x296b350
size = 0x2cb

[stack_vars.-0xd0]
last_change = 2024-06-28T11:26:22.328040Z
offset = -208
name = "a1"
type = "long long"
size = 0x8
addr = 0x296b350
