last_change = 2024-06-28T11:26:22.329040Z
addr = 0x29b9740
size = 0x104

[stack_vars.-0x58]
last_change = 2024-06-28T11:26:22.329040Z
offset = -88
name = "a1"
type = "long long[3]"
size = 0x18
addr = 0x29b9740
