last_change = 2024-06-28T11:26:25.021406Z
addr = 0x29b9d70
size = 0xf6

[stack_vars.-0x58]
last_change = 2024-06-28T11:26:25.021406Z
offset = -88
name = "var_40"
type = "long long[3]"
size = 0x18
addr = 0x29b9d70
