[metadata]
addr = 0x29c6330
size = 0x7c9
last_change = 2024-06-26T16:38:41.718267Z

[header]
last_change = 2024-06-26T16:38:41.718267Z
name = "?resetAttributes@Mob@@QEAAXXZ"
addr = 0x29c6330
