last_change = 2024-06-28T11:26:25.024915Z
addr = 0x2a153a0
size = 0x214

[stack_vars.-0x58]
last_change = 2024-06-28T11:26:25.024915Z
offset = -88
name = "var_20"
type = "long long[3]"
size = 0x18
addr = 0x2a153a0
