last_change = 2024-06-28T11:26:25.023915Z
addr = 0x2a15f70
size = 0x16e

[stack_vars.-0x40]
last_change = 2024-06-28T11:26:25.023915Z
offset = -64
name = "var_28"
type = "long long[3]"
size = 0x18
addr = 0x2a15f70
