last_change = 2024-06-28T11:26:25.023915Z
addr = 0x2a163b0
size = 0x1d4

[stack_vars.-0x68]
last_change = 2024-06-28T11:26:25.023915Z
offset = -104
name = "var_50"
type = "long long[3]"
size = 0x18
addr = 0x2a163b0
