last_change = 2024-06-28T11:26:25.022910Z
addr = 0x2a153a0
size = 0x214

[stack_vars.-0x58]
last_change = 2024-06-28T11:26:25.022910Z
offset = -88
name = "a1"
type = "long long[3]"
size = 0x18
addr = 0x2a153a0
