last_change = 2024-06-28T11:26:25.027916Z
addr = 0x2a8ee30
size = 0x3ae

[stack_vars.-0xb0]
last_change = 2024-06-28T11:26:25.027916Z
offset = -176
name = "a1"
type = "long long[2]"
size = 0x10
addr = 0x2a8ee30
