last_change = 2024-06-28T11:26:25.026917Z
addr = 0x2a8f1e0
size = 0x54a

[stack_vars.-0x1e8]
last_change = 2024-06-28T11:26:25.026917Z
offset = -488
name = "a1"
type = "long long[2]"
size = 0x10
addr = 0x2a8f1e0
