last_change = 2024-06-28T11:26:25.028914Z
addr = 0x2ad6f80
size = 0xc2

[stack_vars.-0x40]
last_change = 2024-06-28T11:26:25.028914Z
offset = -64
name = "a1"
type = "long long[3]"
size = 0x18
addr = 0x2ad6f80
