[metadata]
addr = 0x2b33b90
size = 0x3e4
last_change = 2024-06-26T17:22:03.827886Z

[header]
last_change = 2024-06-26T17:22:03.827886Z
addr = 0x2b33b90
type = "_QWORD *"
