[metadata]
addr = 0x2b5bca0
size = 0x5e
last_change = 2024-06-26T16:58:55.697322Z

[header]
last_change = 2024-06-26T16:58:55.697322Z
addr = 0x2b5bca0
type = "_QWORD *"
