last_change = 2024-06-28T11:26:25.031914Z
addr = 0x2bc5270
size = 0x291

[stack_vars.-0x68]
last_change = 2024-06-28T11:26:25.031914Z
offset = -104
name = "a1"
type = "long long[2]"
size = 0x10
addr = 0x2bc5270
