last_change = 2024-06-28T11:26:25.028914Z
addr = 0x2bd5380
size = 0x121b

[stack_vars.-0x1f8]
last_change = 2024-06-28T11:26:25.028914Z
offset = -504
name = "a1"
type = "long long[2]"
size = 0x10
addr = 0x2bd5380
