last_change = 2024-06-28T11:26:25.030915Z
addr = 0x2be30c0
size = 0x230

[stack_vars.-0x80]
last_change = 2024-06-28T11:26:25.030915Z
offset = -128
name = "a1"
type = "long long[3]"
size = 0x18
addr = 0x2be30c0
