last_change = 2024-06-28T11:26:25.031914Z
addr = 0x2be30c0
size = 0x230

[stack_vars.-0x80]
last_change = 2024-06-28T11:26:25.031914Z
offset = -128
name = "var_68"
type = "long long[3]"
size = 0x18
addr = 0x2be30c0
