last_change = 2024-06-28T11:26:25.030915Z
addr = 0x2be25c0
size = 0x9bd

[stack_vars.-0x3c0]
last_change = 2024-06-28T11:26:25.030915Z
offset = -960
name = "a1"
type = "long long[2]"
size = 0x10
addr = 0x2be25c0
