last_change = 2024-06-28T11:26:48.335617Z
addr = 0x2bf4ce0
size = 0x93

[stack_vars.-0x38]
last_change = 2024-06-28T11:26:48.335617Z
offset = -56
name = "a1"
type = "long long[5]"
size = 0x28
addr = 0x2bf4ce0
