last_change = 2024-06-28T11:26:48.334617Z
addr = 0x2bfc710
size = 0x356

[stack_vars.-0x88]
last_change = 2024-06-28T11:26:48.334617Z
offset = -136
name = "a1"
type = "long long[3]"
size = 0x18
addr = 0x2bfc710
