last_change = 2024-06-28T11:26:48.333617Z
addr = 0x2bf4c40
size = 0x93

[stack_vars.-0x38]
last_change = 2024-06-28T11:26:48.333617Z
offset = -56
name = "var_28"
type = "long long[5]"
size = 0x28
addr = 0x2bf4c40
