last_change = 2024-06-28T11:26:48.335617Z
addr = 0x2c00e50
size = 0x343

[stack_vars.-0x98]
last_change = 2024-06-28T11:26:48.335617Z
offset = -152
name = "var_70"
type = "long long[2]"
size = 0x10
addr = 0x2c00e50
