last_change = 2024-06-28T11:26:48.336616Z
addr = 0x2c00e50
size = 0x343

[stack_vars.-0x98]
last_change = 2024-06-28T11:26:48.336616Z
offset = -152
name = "a1"
type = "long long[2]"
size = 0x10
addr = 0x2c00e50
