last_change = 2024-06-28T11:26:48.337121Z
addr = 0x2d73470
size = 0x507

[stack_vars.-0x128]
last_change = 2024-06-28T11:26:48.337121Z
offset = -296
name = "var_F8"
type = "long long[2]"
size = 0x10
addr = 0x2d73470
