[metadata]
addr = 0x2e15470
size = 0xd8e
last_change = 2024-06-13T18:39:31.092631Z

[header]
last_change = 2024-06-13T18:39:31.092631Z
name = "?_loadIte@ItemStackBase@@AEAAXAEBVCompoundTag@@@Z"
addr = 0x2e15470
