last_change = 2024-06-28T11:26:48.337121Z
addr = 0x2e19c30
size = 0x984

[stack_vars.-0x388]
last_change = 2024-06-28T11:26:48.337121Z
offset = -904
name = "var_350"
type = "long long[2]"
size = 0x10
addr = 0x2e19c30
