[metadata]
addr = 0x2e67c90
size = 0xa
last_change = 2024-06-13T22:11:08.781431Z

[header]
last_change = 2024-06-13T22:11:08.781431Z
addr = 0x2e67c90
type = "double"
