last_change = 2024-06-28T11:26:48.339125Z
addr = 0x2e8a2a0
size = 0x4cfc

[stack_vars.-0x4f8]
last_change = 2024-06-28T11:26:48.339125Z
offset = -1272
name = "var_4D0"
type = "char[32]"
size = 0x20
addr = 0x2e8a2a0
