last_change = 2024-06-28T11:26:48.342126Z
addr = 0x2e8a2a0
size = 0x4cfc

[stack_vars.-0x4b8]
last_change = 2024-06-28T11:26:48.342126Z
offset = -1208
name = "var_490"
type = "char[32]"
size = 0x20
addr = 0x2e8a2a0
