last_change = 2024-06-28T11:26:48.340126Z
addr = 0x2e8a2a0
size = 0x4cfc

[stack_vars.-0x708]
last_change = 2024-06-28T11:26:48.340126Z
offset = -1800
name = "var_6E0"
type = "__int128"
size = 0x10
addr = 0x2e8a2a0
