last_change = 2024-06-28T11:26:48.337121Z
addr = 0x2e8a2a0
size = 0x4cfc

[stack_vars.-0x518]
last_change = 2024-06-28T11:26:48.337121Z
offset = -1304
name = "var_4F0"
type = "char[32]"
size = 0x20
addr = 0x2e8a2a0
