last_change = 2024-06-28T11:26:48.341125Z
addr = 0x2e8a2a0
size = 0x4cfc

[stack_vars.-0x598]
last_change = 2024-06-28T11:26:48.341125Z
offset = -1432
name = "var_570"
type = "char[32]"
size = 0x20
addr = 0x2e8a2a0
