last_change = 2024-06-28T11:26:48.341125Z
addr = 0x2e97d10
size = 0xd897

[stack_vars.-0x418]
last_change = 2024-06-28T11:26:48.341125Z
offset = -1048
name = "var_3F8"
type = "char[40]"
size = 0x28
addr = 0x2e97d10
