last_change = 2024-07-08T21:37:03.544388Z
addr = 0x2f8f910
size = 0x1a

[header]
last_change = 2024-07-08T21:37:03.544388Z
addr = 0x2f8f910

[header.args.0x0]
offset = 0x0
type = "ChunkSource *"
size = 0x8
