last_change = 2024-06-28T11:26:49.860495Z
addr = 0x301fb30
size = 0x389

[stack_vars.-0x190]
last_change = 2024-06-28T11:26:49.860495Z
offset = -400
name = "var_158"
type = "__int128"
size = 0x10
addr = 0x301fb30
