last_change = 2024-06-28T11:26:49.861809Z
addr = 0x3052200
size = 0x63f

[stack_vars.-0x178]
last_change = 2024-06-28T11:26:49.861809Z
offset = -376
name = "var_150"
type = "long long[2]"
size = 0x10
addr = 0x3052200
