last_change = 2024-06-28T11:26:49.859495Z
addr = 0x31b9f90
size = 0xb98

[stack_vars.-0xb0]
last_change = 2024-06-28T11:26:49.859495Z
offset = -176
name = "a1"
type = "long long"
size = 0x8
addr = 0x31b9f90
