last_change = 2024-06-28T11:26:49.867810Z
addr = 0x322af10
size = 0x1d9

[stack_vars.-0x80]
last_change = 2024-06-28T11:26:49.867810Z
offset = -128
name = "var_58"
type = "long long[3]"
size = 0x18
addr = 0x322af10
