last_change = 2024-06-28T11:26:49.861809Z
addr = 0x322af10
size = 0x1d9

[stack_vars.-0x80]
last_change = 2024-06-28T11:26:49.861809Z
offset = -128
name = "a1"
type = "long long[3]"
size = 0x18
addr = 0x322af10
