[metadata]
addr = 0x3246f20
size = 0xbf
last_change = 2024-06-28T01:20:10.823039Z

[header]
last_change = 2024-06-28T01:20:10.823039Z
addr = 0x3246f20
type = "_QWORD *"
