last_change = 2024-06-28T11:26:49.863808Z
addr = 0x328f130
size = 0xfc

[stack_vars.-0x40]
last_change = 2024-06-28T11:26:49.863808Z
offset = -64
name = "a1"
type = "long long[3]"
size = 0x18
addr = 0x328f130
