last_change = 2024-06-28T11:26:49.865808Z
addr = 0x328f230
size = 0xff

[stack_vars.-0x40]
last_change = 2024-06-28T11:26:49.865808Z
offset = -64
name = "a1"
type = "long long[3]"
size = 0x18
addr = 0x328f230
