last_change = 2024-06-28T11:26:49.861809Z
addr = 0x328f130
size = 0xfc

[stack_vars.-0x40]
last_change = 2024-06-28T11:26:49.861809Z
offset = -64
name = "var_28"
type = "long long[3]"
size = 0x18
addr = 0x328f130
