last_change = 2024-06-28T11:26:49.865808Z
addr = 0x32f95d0
size = 0x5c6

[stack_vars.-0xd0]
last_change = 2024-06-28T11:26:49.865808Z
offset = -208
name = "var_C8"
type = "long long"
size = 0x8
addr = 0x32f95d0
