last_change = 2024-06-28T11:26:49.864808Z
addr = 0x32f95d0
size = 0x5c6

[stack_vars.-0xb0]
last_change = 2024-06-28T11:26:49.864808Z
offset = -176
name = "a1"
type = "long long"
size = 0x8
addr = 0x32f95d0
