last_change = 2024-06-28T11:26:49.864808Z
addr = 0x32fa610
size = 0x14d

[stack_vars.-0xa8]
last_change = 2024-06-28T11:26:49.864808Z
offset = -168
name = "var_A8"
type = "long long[3]"
size = 0x18
addr = 0x32fa610
