last_change = 2024-06-28T11:26:49.866810Z
addr = 0x32f0130
size = 0x7ab

[stack_vars.-0x2a8]
last_change = 2024-06-28T11:26:49.866810Z
offset = -680
name = "a1"
type = "long long"
size = 0x8
addr = 0x32f0130
