last_change = 2024-06-28T11:26:49.862809Z
addr = 0x32f0130
size = 0x7ab

[stack_vars.-0x2a8]
last_change = 2024-06-28T11:26:49.862809Z
offset = -680
name = "var_2A0"
type = "long long"
size = 0x8
addr = 0x32f0130
