last_change = 2024-06-28T11:26:53.398527Z
addr = 0x33bfbc0
size = 0x58b

[stack_vars.-0x88]
last_change = 2024-06-28T11:26:53.398527Z
offset = -136
name = "var_80"
type = "long long[2]"
size = 0x10
addr = 0x33bfbc0
