last_change = 2024-06-28T11:26:53.397527Z
addr = 0x3416180
size = 0x24d

[stack_vars.-0xc8]
last_change = 2024-06-28T11:26:53.397527Z
offset = -200
name = "var_A8"
type = "long long[3]"
size = 0x18
addr = 0x3416180
