last_change = 2024-06-28T11:26:53.400531Z
addr = 0x3416180
size = 0x24d

[stack_vars.-0xc8]
last_change = 2024-06-28T11:26:53.400531Z
offset = -200
name = "a1"
type = "long long[3]"
size = 0x18
addr = 0x3416180
