last_change = 2024-06-28T11:26:53.402528Z
addr = 0x34a9400
size = 0x4ac

[stack_vars.-0xb8]
last_change = 2024-06-28T11:26:53.402528Z
offset = -184
name = "var_78"
type = "long long[2]"
size = 0x10
addr = 0x34a9400
