last_change = 2024-06-28T11:26:53.401528Z
addr = 0x34a8c20
size = 0x7d2

[stack_vars.-0xa8]
last_change = 2024-06-28T11:26:53.401528Z
offset = -168
name = "var_80"
type = "long long[2]"
size = 0x10
addr = 0x34a8c20
