last_change = 2024-06-28T11:26:53.404527Z
addr = 0x3620ac0
size = 0x333

[stack_vars.-0xf0]
last_change = 2024-06-28T11:26:53.404527Z
offset = -240
name = "var_E8"
type = "_QWORD[3]"
size = 0x18
addr = 0x3620ac0
