last_change = 2024-06-28T11:26:53.405527Z
addr = 0x3623a00
size = 0x141

[stack_vars.-0x10]
last_change = 2024-06-28T11:26:53.405527Z
offset = -16
name = "a1"
type = "long long"
size = 0x8
addr = 0x3623a00
