last_change = 2024-06-28T11:26:53.403527Z
addr = 0x3620ac0
size = 0x333

[stack_vars.-0xb0]
last_change = 2024-06-28T11:26:53.403527Z
offset = -176
name = "a1"
type = "long long[2]"
size = 0x10
addr = 0x3620ac0
