last_change = 2024-06-28T11:26:53.407566Z
addr = 0x3621cc0
size = 0x1f2

[stack_vars.-0x80]
last_change = 2024-06-28T11:26:53.407566Z
offset = -128
name = "a1"
type = "long long[3]"
size = 0x18
addr = 0x3621cc0
