last_change = 2024-06-28T11:26:53.407566Z
addr = 0x3666fc0
size = 0x10d

[stack_vars.-0x48]
last_change = 2024-06-28T11:26:53.407566Z
offset = -72
name = "var_28"
type = "long long[3]"
size = 0x18
addr = 0x3666fc0
