last_change = 2024-06-28T11:26:53.408566Z
addr = 0x377f0e0
size = 0xa01

[stack_vars.-0x210]
last_change = 2024-06-28T11:26:53.408566Z
offset = -528
name = "var_1D0"
type = "long long[3]"
size = 0x18
addr = 0x377f0e0
