last_change = 2024-06-26T17:15:54.674146Z
addr = 0x37dbcc0
size = 0x266

[stack_vars.-0x220]
last_change = 2024-06-26T17:15:54.674146Z
offset = -544
name = "var_1E0"
type = "__int128[2]"
size = 0x20
addr = 0x37dbcc0
