last_change = 2024-06-26T17:15:50.779277Z
addr = 0x3859d10
size = 0x4c0

[stack_vars.-0x10]
last_change = 2024-06-26T17:15:50.779277Z
offset = -16
name = "a6"
type = "long long"
size = 0x8
addr = 0x3859d10
