[metadata]
addr = 0x38596b0
size = 0x1a7
last_change = 2024-06-26T22:18:48.336530Z

[header]
last_change = 2024-06-26T22:18:48.336530Z
name = "__ZN3mce4MeshaSEOS0_"
addr = 0x38596b0
