last_change = 2024-06-26T17:15:54.675146Z
addr = 0x3859c40
size = 0xc6

[stack_vars.-0x1b0]
last_change = 2024-06-26T17:15:54.675146Z
offset = -432
name = "var_188"
type = "__int128[2]"
size = 0x20
addr = 0x3859c40
