last_change = 2024-06-26T17:15:50.779277Z
addr = 0x3859d10
size = 0x4c0

[stack_vars.0x0]
last_change = 2024-06-26T17:15:50.779277Z
offset = 0x0
name = "arg_38"
type = "long long"
size = 0x8
addr = 0x3859d10
