last_change = 2024-06-28T11:26:53.408566Z
addr = 0x38bd7e0
size = 0x60d

[stack_vars.-0x158]
last_change = 2024-06-28T11:26:53.408566Z
offset = -344
name = "var_130"
type = "long long"
size = 0x8
addr = 0x38bd7e0
