last_change = 2024-06-28T11:26:54.310686Z
addr = 0x39439a0
size = 0x60d

[stack_vars.-0x158]
last_change = 2024-06-28T11:26:54.310686Z
offset = -344
name = "a1"
type = "long long"
size = 0x8
addr = 0x39439a0
