last_change = 2024-06-28T11:26:54.312686Z
addr = 0x39439a0
size = 0x60d

[stack_vars.-0x178]
last_change = 2024-06-28T11:26:54.312686Z
offset = -376
name = "var_150"
type = "long long[3]"
size = 0x18
addr = 0x39439a0
