last_change = 2024-06-28T11:26:54.313686Z
addr = 0x397b230
size = 0x281

[stack_vars.-0x168]
last_change = 2024-06-28T11:26:54.313686Z
offset = -360
name = "a1"
type = "long long[3]"
size = 0x18
addr = 0x397b230
