last_change = 2024-06-28T11:26:54.314686Z
addr = 0x3a69da0
size = 0x11b

[stack_vars.-0x70]
last_change = 2024-06-28T11:26:54.314686Z
offset = -112
name = "a1"
type = "long long[4]"
size = 0x20
addr = 0x3a69da0
