last_change = 2024-06-28T11:26:54.317190Z
addr = 0x3ab2d00
size = 0x3c4

[stack_vars.-0x268]
last_change = 2024-06-28T11:26:54.317190Z
offset = -616
name = "a1"
type = "long long[4]"
size = 0x20
addr = 0x3ab2d00
