last_change = 2024-06-28T11:26:54.318194Z
addr = 0x3abf390
size = 0x131

[stack_vars.-0xa0]
last_change = 2024-06-28T11:26:54.318194Z
offset = -160
name = "var_90"
type = "long long[4]"
size = 0x20
addr = 0x3abf390
