last_change = 2024-06-28T11:26:54.315685Z
addr = 0x3abf390
size = 0x131

[stack_vars.-0xa0]
last_change = 2024-06-28T11:26:54.315685Z
offset = -160
name = "a1"
type = "long long[4]"
size = 0x20
addr = 0x3abf390
