last_change = 2024-06-28T11:26:54.317190Z
addr = 0x3abfc50
size = 0x16a

[stack_vars.-0x108]
last_change = 2024-06-28T11:26:54.317190Z
offset = -264
name = "var_100"
type = "char[32]"
size = 0x20
addr = 0x3abfc50
