last_change = 2024-06-28T11:26:55.081706Z
addr = 0x3adffa0
size = 0x77

[stack_vars.-0x28]
last_change = 2024-06-28T11:26:55.081706Z
offset = -40
name = "var_28"
type = "long long[3]"
size = 0x18
addr = 0x3adffa0
