last_change = 2024-06-28T11:26:55.083710Z
addr = 0x3b0d1e0
size = 0x259

[stack_vars.-0x160]
last_change = 2024-06-28T11:26:55.083710Z
offset = -352
name = "var_130"
type = "long long[2]"
size = 0x10
addr = 0x3b0d1e0
