last_change = 2024-06-28T11:26:55.087709Z
addr = 0x3b16460
size = 0x25d

[stack_vars.-0x190]
last_change = 2024-06-28T11:26:55.087709Z
offset = -400
name = "a1"
type = "long long[2]"
size = 0x10
addr = 0x3b16460
