last_change = 2024-06-28T11:26:55.087709Z
addr = 0x3b16c00
size = 0x25d

[stack_vars.-0x160]
last_change = 2024-06-28T11:26:55.087709Z
offset = -352
name = "var_130"
type = "__int128[2]"
size = 0x20
addr = 0x3b16c00
