last_change = 2024-06-28T11:26:55.085710Z
addr = 0x3b15ce0
size = 0x234

[stack_vars.-0x160]
last_change = 2024-06-28T11:26:55.085710Z
offset = -352
name = "var_130"
type = "long long[3]"
size = 0x18
addr = 0x3b15ce0
