last_change = 2024-06-28T11:26:55.088709Z
addr = 0x3b19080
size = 0xb4

[stack_vars.-0x68]
last_change = 2024-06-28T11:26:55.088709Z
offset = -104
name = "var_68"
type = "long long[2]"
size = 0x10
addr = 0x3b19080
