last_change = 2024-06-28T11:26:55.093219Z
addr = 0x3b22ca0
size = 0xbc

[stack_vars.-0x38]
last_change = 2024-06-28T11:26:55.093219Z
offset = -56
name = "a1"
type = "long long[2]"
size = 0x10
addr = 0x3b22ca0
