last_change = 2024-06-28T11:26:57.168356Z
addr = 0x3b67c40
size = 0x7b2

[stack_vars.-0x2f0]
last_change = 2024-06-28T11:26:57.168356Z
offset = -752
name = "a1"
type = "long long[4]"
size = 0x20
addr = 0x3b67c40
