last_change = 2024-06-28T11:26:57.169356Z
addr = 0x3c86f20
size = 0x490

[stack_vars.-0x88]
last_change = 2024-06-28T11:26:57.169356Z
offset = -136
name = "var_50"
type = "long long"
size = 0x8
addr = 0x3c86f20
