last_change = 2024-06-28T11:26:57.169356Z
addr = 0x3c8a530
size = 0x1f7

[stack_vars.-0x78]
last_change = 2024-06-28T11:26:57.169356Z
offset = -120
name = "var_58"
type = "long long[3]"
size = 0x18
addr = 0x3c8a530
