last_change = 2024-06-28T11:26:57.172356Z
addr = 0x3c86f20
size = 0x490

[stack_vars.-0x88]
last_change = 2024-06-28T11:26:57.172356Z
offset = -136
name = "a1"
type = "long long"
size = 0x8
addr = 0x3c86f20
