last_change = 2024-06-28T11:26:57.171357Z
addr = 0x3e17470
size = 0x224

[stack_vars.-0x48]
last_change = 2024-06-28T11:26:57.171357Z
offset = -72
name = "a1"
type = "long long[3]"
size = 0x18
addr = 0x3e17470
