last_change = 2024-06-28T11:26:57.172356Z
addr = 0x3e256b0
size = 0x189

[stack_vars.-0x58]
last_change = 2024-06-28T11:26:57.172356Z
offset = -88
name = "a1"
type = "long long[8]"
size = 0x40
addr = 0x3e256b0
