last_change = 2024-06-28T11:26:57.175375Z
addr = 0x3e2bc20
size = 0x33e

[stack_vars.-0xd38]
last_change = 2024-06-28T11:26:57.175375Z
offset = -3384
name = "a1"
type = "long long[2]"
size = 0x10
addr = 0x3e2bc20
