last_change = 2024-06-28T11:26:57.179379Z
addr = 0x3e2aa40
size = 0x588

[stack_vars.-0xa0]
last_change = 2024-06-28T11:26:57.179379Z
offset = -160
name = "var_58"
type = "long long[3]"
size = 0x18
addr = 0x3e2aa40
