last_change = 2024-06-28T11:26:57.178379Z
addr = 0x3e2bc20
size = 0x33e

[stack_vars.-0xd38]
last_change = 2024-06-28T11:26:57.178379Z
offset = -3384
name = "var_D00"
type = "long long[2]"
size = 0x10
addr = 0x3e2bc20
