last_change = 2024-06-28T11:26:57.174357Z
addr = 0x3e2dba0
size = 0x1b0

[stack_vars.-0x48]
last_change = 2024-06-28T11:26:57.174357Z
offset = -72
name = "var_28"
type = "long long[3]"
size = 0x18
addr = 0x3e2dba0
