last_change = 2024-06-28T11:26:57.179379Z
addr = 0x3e3b6e0
size = 0xbe

[stack_vars.-0x28]
last_change = 2024-06-28T11:26:57.179379Z
offset = -40
name = "var_28"
type = "long long[3]"
size = 0x18
addr = 0x3e3b6e0
