[metadata]
addr = 0x3e74200
size = 0x139
last_change = 2024-06-28T14:52:46.992490Z

[header]
last_change = 2024-06-28T14:52:46.992490Z
addr = 0x3e74200
type = "char"
