last_change = 2024-06-28T11:26:57.180378Z
addr = 0x3e92cb0
size = 0x200

[stack_vars.-0x88]
last_change = 2024-06-28T11:26:57.180378Z
offset = -136
name = "a1"
type = "long long[6]"
size = 0x30
addr = 0x3e92cb0
