last_change = 2024-06-28T11:26:58.884266Z
addr = 0x3fcd6f0
size = 0x4bc

[stack_vars.-0xb0]
last_change = 2024-06-28T11:26:58.884266Z
offset = -176
name = "var_98"
type = "long long"
size = 0x8
addr = 0x3fcd6f0
