last_change = 2024-06-28T11:26:58.888265Z
addr = 0x4058250
size = 0x68c

[stack_vars.-0x220]
last_change = 2024-06-28T11:26:58.888265Z
offset = -544
name = "a1"
type = "long long[4]"
size = 0x20
addr = 0x4058250
