last_change = 2024-06-28T11:26:58.892545Z
addr = 0x405b160
size = 0x3fe

[stack_vars.-0x5c8]
last_change = 2024-06-28T11:26:58.892545Z
offset = -1480
name = "var_580"
type = "char[32]"
size = 0x20
addr = 0x405b160
