last_change = 2024-06-28T11:26:59.766053Z
addr = 0x405b560
size = 0x2fe

[stack_vars.-0x7e0]
last_change = 2024-06-28T11:26:59.766053Z
offset = -2016
name = "a1"
type = "long long[2]"
size = 0x10
addr = 0x405b560
