last_change = 2024-06-28T11:26:58.887265Z
addr = 0x40589b0
size = 0x150e

[stack_vars.-0x8a8]
last_change = 2024-06-28T11:26:58.887265Z
offset = -2216
name = "var_8A0"
type = "char[32]"
size = 0x20
addr = 0x40589b0
