last_change = 2024-06-28T11:26:59.767054Z
addr = 0x405bc80
size = 0x1f9

[stack_vars.-0x300]
last_change = 2024-06-28T11:26:59.767054Z
offset = -768
name = "var_2F8"
type = "char[40]"
size = 0x28
addr = 0x405bc80
