last_change = 2024-06-28T11:26:58.891266Z
addr = 0x405b160
size = 0x3fe

[stack_vars.-0x7c0]
last_change = 2024-06-28T11:26:58.891266Z
offset = -1984
name = "var_778"
type = "char[32]"
size = 0x20
addr = 0x405b160
