last_change = 2024-06-28T11:26:58.892545Z
addr = 0x4057130
size = 0xed7

[stack_vars.-0x13c8]
last_change = 2024-06-28T11:26:58.892545Z
offset = -5064
name = "var_13A8"
type = "char[32]"
size = 0x20
addr = 0x4057130
