last_change = 2024-06-28T11:26:58.888265Z
addr = 0x4057130
size = 0xed7

[stack_vars.-0x1470]
last_change = 2024-06-28T11:26:58.888265Z
offset = -5232
name = "var_1450"
type = "char[32]"
size = 0x20
addr = 0x4057130
