last_change = 2024-06-28T11:26:59.766053Z
addr = 0x405b860
size = 0x415

[stack_vars.-0x1f8]
last_change = 2024-06-28T11:26:59.766053Z
offset = -504
name = "a1"
type = "long long[4]"
size = 0x20
addr = 0x405b860
