last_change = 2024-06-28T11:26:59.764941Z
addr = 0x405b560
size = 0x2fe

[stack_vars.-0x7e0]
last_change = 2024-06-28T11:26:59.764941Z
offset = -2016
name = "var_7D8"
type = "long long[2]"
size = 0x10
addr = 0x405b560
