last_change = 2024-06-28T11:26:59.769053Z
addr = 0x41d6cb0
size = 0x389

[stack_vars.-0x109]
last_change = 2024-06-28T11:26:59.769053Z
offset = -265
name = "var_A0"
type = "long long"
size = 0x8
addr = 0x41d6cb0
