last_change = 2024-06-28T11:26:59.769053Z
addr = 0x41d5ad0
size = 0xe4a

[stack_vars.-0x1c8]
last_change = 2024-06-28T11:26:59.769053Z
offset = -456
name = "var_1A0"
type = "long long[2]"
size = 0x10
addr = 0x41d5ad0
