last_change = 2024-06-28T11:26:59.772053Z
addr = 0x429da30
size = 0x1e4

[stack_vars.-0x50]
last_change = 2024-06-28T11:26:59.772053Z
offset = -80
name = "var_30"
type = "long long[3]"
size = 0x18
addr = 0x429da30
