[metadata]
addr = 0x4331e20
size = 0x1d4
last_change = 2024-06-29T16:05:39.073609Z

[header]
last_change = 2024-06-29T16:05:39.073609Z
name = "??0OverworldDimension@@QEAA@AEAVILevel@@AEAVScheduler@@@Z"
addr = 0x4331e20
