[metadata]
addr = 0x4361440
size = 0x57
last_change = 2024-06-28T01:01:55.659156Z

[header]
last_change = 2024-06-28T01:01:55.659156Z
name = "?getBiomeArea@OverworldGenerator@@UEBA?AVBiomeArea@@AEBVBoundingBox@@I@Z"
addr = 0x4361440
