[metadata]
addr = 0x4377510
size = 0x176
last_change = 2024-06-28T14:40:29.426002Z

[header]
last_change = 2024-06-28T14:40:29.426002Z
addr = 0x4377510
type = "char *"
