[0x5a4aef0]
last_change = 2024-06-26T16:40:31.400243Z
addr = 0x5a4aef0
name = "qword_145A4AEF0"
size = 0x8

[0x5a4aef8]
last_change = 2024-06-26T16:40:31.401243Z
addr = 0x5a4aef8
name = ""
size = 0x8
