[0x4e37018]
last_change = 2024-06-22T00:37:59.723981Z
addr = 0x4e37018
name = "ChestBlock_vftable"
size = 0x8

[0x4e0e500]
last_change = 2024-06-22T00:56:57.555570Z
addr = 0x4e0e500
name = "BlockLegacy_vftable"
size = 0x8
